1;100.31837498674
2;82.1857459424011
6;135.428210682529
14;309.082748044157
17;48.0603916854062
20;80.262062941692
28;159.748938081687
29;116.934583125156
30;314.098086026644
32;137.748314154972
34;33.8357974902451
41;21.1083947536118
45;143.341327657458
46;50.0961406532202
47;279.652034435193
49;29.2974722459974
52;218.59367223047
59;222.239179649083
61;54.7519574412626
62;116.724473137065
66;259.044429785374
71;58.1380755430701
77;132.603650577927
78;91.0536945843705
84;86.9273885280324
87;47.4018584104843
89;305.893339013437
91;320.010430103506
97;300.663524497451
100;309.071572221058
102;6.97367814567253
103;111.683066417392
105;37.3787184809632
109;29.4524868363588
111;41.7481856449775
112;41.7599802635728
121;2.54646643993713
126;180.851298517052
136;258.079036825211
137;71.0973145170399
138;59.0514034075745
141;347.183461686646
146;167.430167974072
151;65.7799374431115
157;1.23570602201221
165;10.4257125072578
167;28.0183632260566
168;7.95836131557905
169;233.443622833379
174;323.717274012619
191;126.34364463634
192;290.910077719484
194;218.873196392456
196;74.1435408136011
197;95.0594128608914
217;116.764346643726
223;249.507243782775
227;31.253907879239
228;97.931670629425
231;195.347433400607
232;278.289134879782
244;515.091430615539
245;317.510644133829
248;430.631423830188
250;367.181247841763
251;237.07270112681
252;130.986749906407
254;440.849365799903
257;267.79816604322
259;345.998595901212
273;33.8915140842411
274;89.1162886385883
276;34.093615669382
279;183.094912194938
285;318.38443368614
290;493.982948268267
292;137.05373797653
298;360.810224102513
299;194.75823173308
301;35.6272311577201
302;414.636803206186
306;53.57029805591
310;87.0354870180861
314;28.4564108133376
318;206.59124480505
319;447.20694557252
321;63.4025571773484
322;49.9334860102321
323;36.0050886440766
326;22.7988880257213
327;331.98204234967
328;220.477316298561
332;279.399940467067
335;100.891579562458
343;119.553267668064
344;34.6371535078859
345;165.732794605207
348;282.913385756383
349;297.771162370517
356;116.294429039302
372;278.289134879782
379;105.489005437523
386;353.307561018148
388;96.0637775442571
391;85.2384197865016
398;61.0507234629936
408;76.4425554321471
412;212.896414479842
414;308.37788227204
419;399.781916396409
426;303.508564850431
429;177.677349791742
431;353.334782782439
432;235.015727900342
440;345.998595901212
441;92.4638542045463
443;61.0424369351234
446;316.750517450279
450;56.2657941407728
451;502.161605483222
452;151.04083323861
454;363.190233537841
456;29.4754867276543
459;365.166099033915
464;143.455225713513
465;58.5190745912951
478;41.4500231300238
481;399.781916396409
484;504.640809764149
485;77.1260213577724
487;395.845885187202
491;148.707704319342
498;202.167712870302
499;46.8574409108828
502;189.53186687358
506;93.7394731451559
508;217.360106341009
514;16.5106944787663
516;53.198506213358
517;59.3861180426169
520;160.346993399749
523;60.3778698848012
524;7.02857760333019
526;62.8272864443655
528;82.4205715988414
529;94.3828137020651
534;41.7599802635728
541;347.073761654125
546;235.392087553891
547;146.487578598229
559;154.32913586311
561;314.916372427776
567;250.759523346458
569;4.28863576013694
570;151.116384971151
573;51.3336737934345
574;262.405126165572
580;277.705956074952
582;145.343943702443
594;175.295158709764
595;41.9029280971143
597;14.5292986501654
600;204.552528097182
603;17.3231353501753
604;167.92141761859
611;439.183283502794
614;293.592112784049
615;19.9383596684885
618;56.9873496400318
620;56.3146210845238
623;21.4344468911727
628;67.5128176667263
629;36.6441895791001
637;352.580348869085
638;149.229561482287
644;33.5081997241173
645;331.901514202286
666;141.632986063062
674;24.7460771478819
678;184.167365320582
679;7.70032994371367
682;178.574638962358
683;94.6828374225477
685;96.0629896385121
691;220.257859859714
695;105.032236040555
696;87.7148263703834
700;273.15266911951
701;360.800714667019
703;220.862860996393
706;34.0093618443272
707;49.9334860102321
709;3.2189658591148
718;208.875575163931
719;258.240078908498
725;214.966731317486
727;290.599396848186
735;538.719727839528
745;347.226961073881
747;451.662127641539
751;146.443851988649
753;86.0542803828217
754;84.537738276166
756;113.518217465623
759;128.343171823832
760;202.385165415484
761;64.0685103431779
764;219.87459828794
765;319.038551367315
767;227.551352411511
773;101.563702207656
775;319.129041118496
782;275.950633917564
783;250.027333553555
787;8.80454881058023
789;266.559472259742
790;38.2662019023886
793;239.788345799648
795;134.11609874701
798;41.2516684724401
800;232.158636298062
801;30.2490645508358
804;225.429615000386
805;69.549892839845
806;237.869952771394
808;24.6164922083874
809;64.6215990128572
812;297.571582480269
817;185.188924353307
823;0.869618492035537
824;279.749395177692
829;423.476661126686
835;48.7876964158881
839;291.914069040003
841;60.8484639319581
845;74.2981489292956
850;183.178847558344
853;272.122041670795
855;350.704959623869
862;471.863871797263
864;24.0633233136686
865;247.498343561471
867;172.849012739387
869;11.4605083950937
871;279.446115013907
874;111.97865517651
877;251.096042659858
884;326.67327174425
885;78.2664105646877
893;90.643076989514
894;117.337225031753
897;311.584532830103
904;121.689708094979
905;315.646696633864
910;22.5977640223988
911;156.424701804176
912;30.7586965338351
918;240.660813080655
922;76.0740620281307
925;66.1406202647263
927;200.4371780506
930;244.468260038105
931;355.950911692573
933;184.848214823382
934;211.541025143116
935;104.687977263246
936;109.776770385119
938;326.142591545136
939;25.0705770443451
948;415.146774720157
949;61.9592942811753
950;272.425363245509
951;10.5019441012457
957;387.191113828998
965;340.990398493141
966;104.033242291073
968;184.960692700388
969;85.3660189534739
972;46.9015693138293
973;54.2433779436034
979;84.8728502725624
983;322.884964530158
985;76.0740620281307
991;54.2279572165317
993;80.1108278723701
997;31.8085154281211
998;188.913137495799
1007;69.6055305681145
1009;101.200423468918
1014;165.278461890432
1016;298.209379588892
1023;254.868930856917
1025;62.684019900235
1027;257.368467447456
1028;264.095782315204
1030;259.61148262558
1031;166.288017559315
1033;130.049599924897
1046;6.47938229055723
1050;260.791720586689
1054;40.6933266283855
1057;34.6344877618738
1061;198.894182084016
1062;136.526005984954
1066;266.93674617072
1068;257.561916962282
1069;368.498071764036
1081;127.266504748855
1083;228.316789460689
1084;385.898020565407
1085;80.1436913166452
1094;25.2071114556158
1096;94.4381713310756
1100;68.204184490939
1105;176.930639897183
1107;648.272879445436
1108;89.5719299154646
1116;21.9621917677865
1118;170.421890444038
1121;123.171110173144
1128;406.291419211518
1131;205.92448883548
1135;69.3981484729063
1136;232.43775568388
1141;50.9558670264733
1143;26.2466353079438
1144;41.9100768843394
1146;111.424323011881
1148;272.864048869649
1154;236.884566904043
1156;389.365774532853
1158;278.05720234013
1160;87.2745798993741
1163;246.652115297553
1164;27.2165282862505
1169;314.488470878936
1170;399.662248035989
1171;70.0632685977571
1173;242.66046462897
1174;153.802303381055
1175;37.6827628741412
1178;225.915667807664
1179;65.726204566088
1183;23.2423881882042
1184;108.672177233865
1185;6.75111704393812
1187;69.2988146159672
1192;205.40980381084
1195;9.18116026095621
1199;250.217364767529
1200;194.708913155559
1202;389.303645421488
1207;4.28863576013694
1212;391.455967295125
1214;14.5292986501654
1215;123.928392507436
1221;222.812230888097
1226;331.630386803624
1231;355.780731193408
1232;3.30575400476667
1233;242.910139304993
1239;258.425234180997
1243;21.1132873773448
1245;47.6723079731767
1246;201.145092369204
1247;267.888761234997
1250;313.018784668035
1255;96.088784297279
1257;511.696704601527
1258;92.397576025512
1261;49.603276648552
1268;283.94010154713
1271;42.8689304550435
1274;21.6640946639622
1278;57.8493478037717
1279;162.322281995758
1283;70.9850956524557
1285;131.259585425775
1288;50.9475972620316
1291;210.047976841168
1293;191.126623556045
1294;67.150304513417
1296;145.06080172373
1299;166.245918218834
1300;26.2634752703605
1305;469.811890628705
1306;524.474326000195
1308;29.1952088931902
1309;25.9969034515572
1313;528.313429583385
1318;85.6049579099503
1319;218.873196392456
1323;178.871535189547
1327;133.547590312671
1334;202.167712870302
1336;274.48476285253
1337;63.4025571773484
1339;222.699422243332
1346;259.288463011388
1347;54.3192487613937
1351;219.83476520651
1352;20.7510972284422
1353;27.4686901181478
1358;113.955466084794
1365;58.6249556148068
1366;456.194228834064
1367;131.690360029041
1372;25.7038233493602
1373;31.4990415291825
1376;211.309142399019
1377;138.023491515552
1379;78.1832127732685
1387;65.8935345044412
1399;309.700021975102
1405;69.6836269419125
1407;62.8272864443655
1408;153.785671535809
1412;21.6640946639622
1414;155.570204688029
1416;96.2979380632652
1420;60.9716295410508
1422;57.7544437656318
1431;245.660058419743
1433;46.5003162318713
1434;33.6845354045614
1436;65.7799374431115
1437;328.551973724141
1438;52.2104598190358
1439;208.834600164573
1450;137.328059885002
1451;190.007964009102
1455;35.2890324449917
1457;46.6406887419169
1463;76.7853225100153
1466;14.5433355039935
1474;191.304661406968
1476;378.944532949799
1487;13.7244789774704
1490;164.990899731956
1492;115.002153809572
1493;80.0663869503437
1495;75.4592718215855
1499;89.3253049270496
1501;257.667886875595
1503;8.0021892821988
1504;276.423508738655
1510;61.0507234629936
1512;468.750758621625
1514;99.2244070314686
1517;93.0090048508427
1518;73.9148945392354
1528;349.106223086615
1533;39.2072566806409
1534;244.980787599023
1538;652.660411348321
1539;272.769958330149
1540;64.6949883900065
1542;132.128243708918
1548;182.628104948593
1549;257.138056962632
1551;31.5461815204354
1553;212.674633032688
1556;121.128934778773
1560;65.7192783176097
1566;112.395363659775
1567;79.2509263944651
1568;113.850322125635
1571;330.81482407385
1572;22.1794299168182
1578;80.0761810823973
1582;382.157240916787
1584;186.795830422072
1590;208.674214554986
1594;54.3192487613937
1595;21.9621917677865
1602;64.195650604514
1604;30.2990742569683
1619;114.707444078996
1620;81.6642189923897
1621;64.6949883900065
1622;189.862680757941
1626;52.0860853943476
1636;40.9890438950291
1639;242.137527702928
1644;42.9726218040224
1645;108.751237698976
1649;73.102219965209
1652;4.00387912571761
1653;95.1599635473367
1656;165.253709572276
1657;80.2329625177234
1659;109.776770385119
1660;32.8837584838339
1661;80.3174973364589
1664;49.4651121948526
1666;4.37460300060166
1668;387.811910749045
1669;211.081393604539
1671;31.6725509457202
1674;365.736535794191
1679;37.1018010095925
1687;260.084884567976
1694;134.112350332913
1695;14.5311528353177
1700;133.501716380293
1701;38.1705427541315
1702;564.728779136912
1703;115.765868603938
1705;226.564192276039
1708;88.3542017218776
1714;85.2384197865016
1715;264.991100367905
1719;584.921862826193
1723;171.244109446097
1725;194.188334906758
1728;158.88926571438
1730;145.299225936284
1737;61.0507234629936
1739;504.640809764149
1740;216.554423975637
1743;95.2093938086728
1746;295.530678785379
1747;311.316631831387
1748;8.42116250588791
1754;100.893919243825
1756;35.1334716404292
1758;24.5703343440786
1759;200.908202934433
1762;265.207933896173
1763;0.415141549635318
1764;167.463848406804
1765;122.283376988459
1766;349.441936424202
1767;310.459653850189
1771;430.708099778379
1773;226.966034724218
1775;129.771732514967
1776;33.9477847347478
1784;267.935241254565
1785;82.4245859483295
1786;225.429615000386
1792;231.22040912104
1798;263.719599850949
1803;238.24217450293
1805;85.2680663891198
1807;125.499568508503
1809;203.522837256753
1811;8.30252614836063
1812;176.393849153119
1816;211.663249383564
1817;317.038648437505
1818;67.6296579670016
1819;302.250376367085
1828;55.5614940823417
1829;58.3490539269134
1831;274.48476285253
1838;60.5765678596237
1844;46.8050153490265
1846;27.0152773129409
1849;49.6642396999043
1851;156.55121941222
1856;82.6420110782216
1857;53.4343419131147
1858;99.2875791761831
1859;340.564943559452
1860;111.782058690439
1864;312.179884205205
1866;295.813552729535
1875;76.2690850448069
1877;83.3441629013747
1879;28.2798657989867
1881;167.667172817923
1885;92.8744807312695
1886;199.563543357268
1890;30.7923542846135
1891;50.5831447381508
1892;45.034168368973
1893;103.840216981657
1896;68.1983036066915
1897;56.8255026607787
1900;52.0860853943476
1909;354.903704596978
1914;264.176696321537
1918;54.4900486494253
1922;69.8430885024249
1925;76.4425554321471
1929;55.7517500498407
1930;338.143414400445
1938;87.6248301775251
1944;280.595096978256
1954;13.872482542273
1957;42.1396728382413
1960;440.047002191245
1961;16.0075739588058
1962;638.552246625929
1965;22.1967078071286
1971;25.5905094147179
1973;103.152612472379
1977;103.978057108037
1984;52.6440986268638
1989;195.453727865884
1991;180.029088599823
1998;47.6976370802978
1999;288.265499797753
2008;230.963927772349
2009;106.66178111363
2010;417.94410472578
2012;221.114552346118
2014;54.4330070118206
2016;77.1883335300695
2020;29.174634954432
2026;94.371024583579
2027;156.162461521715
2029;42.4942060642923
2031;94.8409899233835
2034;9.39602704498426
2040;250.691780987736
2043;79.1677597479712
2044;379.394416608914
2045;88.6388132075261
2050;220.477316298561
2052;97.2755749983038
2055;40.1025996466015
2058;100.31837498674
2061;101.467612709566
2063;300.644519647965
2072;230.963927772349
2075;8.85365459971014
2076;134.768758487745
2078;401.124574129364
2086;29.0762202720121
2091;226.765032822458
2096;252.982822840228
2101;11.0633503689046
2102;62.8094608471463
2105;269.069009219224
2108;258.967410697694
2110;309.121390203091
2112;119.531865726796
2119;95.9145304150679
2122;560.394682275247
2123;212.312217708456
2126;57.2645499496654
2127;151.242287378077
2128;360.583165301992
2132;77.8585771453965
2133;59.3861180426169
2138;52.1103388273139
2140;94.9979123307616
2142;229.257998632638
2143;351.174299130952
2150;127.850594751606
2152;208.984016637249
2156;82.6973178642209
2163;71.183407227361
2164;141.676150780354
2165;118.99998167741
2168;178.629517510953
2171;82.7208380939066
2175;13.6549521861917
2183;66.2150676195062
2184;66.4719689484065
2188;262.092538453256
2192;66.5542764945504
2194;239.744413947816
2198;193.225506785826
2200;242.770982969288
2201;250.589015279023
2212;130.299563304883
2216;18.7466045422595
2218;230.288008991741
2219;425.338005037929
2221;22.1548753719374
2223;381.282865175547
2224;79.9514496475417
2232;186.833500937804
2233;395.621798420812
2234;56.6348919407486
2236;28.1316138207729
2250;340.308554175197
2253;181.478924703419
2257;45.9448594276324
2258;0.41605836070278
2259;72.8304896219864
2261;575.676290552251
2265;186.243738472891
2269;178.574638962358
2271;33.8001267637602
2272;54.0009199839608
2273;37.2313155024978
2275;430.979514573681
2277;82.7208380939066
2278;11.2726203162648
2283;463.299628781466
2286;13.7244789774704
2294;71.0790577626056
2298;29.1952088931902
2301;282.574909827521
2308;108.676909646302
2309;301.265278108468
2313;179.01282109214
2320;308.546031639024
2321;29.0278099146002
2325;4.49642601405786
2326;67.9620371286399
2328;312.036407055609
2332;465.032391001557
2333;286.900804581012
2336;112.412243039945
2337;154.768122808869
2341;365.696332767024
2346;287.65471568548
2353;250.557027252969
2363;40.6490838854391
2365;403.311286669146
2369;54.2279572165317
2374;366.075962401499
2378;117.414906620762
2379;54.0819876676072
2382;53.6780549406237
2387;87.492977299767
2388;81.6628185141664
2394;27.4686901181478
2396;42.8733482712713
2399;182.740660302671
2404;32.1030285299208
2409;35.0835198612638
2411;258.497502229581
2412;5.12665145077575
2414;205.518228710092
2419;132.163051108582
2422;470.113436231127
2423;137.919262254071
2424;32.3112741092191
2427;76.6113730513613
2437;215.657392798291
2442;466.840619643397
2443;472.729926713292
2445;411.551971897585
2447;292.249472727044
2453;236.111066821128
2456;41.2294262853815
2458;20.3107636608096
2464;300.97089512755
2465;294.589703602512
2468;324.758123389879
2469;80.513551058198
2470;312.085834085833
2471;74.281327381725
2473;32.4047656064005
2477;247.068013750726
2482;350.160247569143
2486;236.723154552125
2492;16.5826974660599
2493;279.670160963638
2496;360.74001730297
2498;76.1565527825243
2500;58.5857335073061
2501;286.633016167763
2502;115.842023377726
2504;178.843359456902
2505;55.3110547437274
2509;493.055428909259
2514;31.079323022071
2515;412.112587303937
2516;194.75823173308
2525;347.253893209476
2527;61.0507234629936
2533;23.2213293792942
2534;323.091527817866
2538;288.806323452197
2543;587.674297876883
2551;332.733523817865
2554;167.588721268286
2560;287.220946046252
2562;111.808941029357
2575;22.1773955773583
2579;103.840216981657
2580;439.249085010866
2582;181.7384384651
2583;359.862149572143
2592;39.2072566806409
2593;31.253907879239
2599;19.4450833067781
2600;93.2836419574628
2601;149.803052502094
2602;254.910904138531
2603;71.4265576123786
2607;74.8696812330491
2608;55.3110547437274
2614;268.95223917994
2616;393.781137865733
2617;100.009764707728
2622;6.91789982541325
2625;11.9601229729185
2626;189.494019083556
2629;282.029593343349
2637;541.884564953968
2639;42.5763759753457
2640;268.975249144754
2645;215.441562726794
2646;104.173465891944
2649;35.4205058660441
2650;166.288017559315
2656;266.607847640826
2657;344.623775856165
2661;6.82695624667355
2669;299.885919237513
2673;494.392637858595
2675;36.1426171077455
2676;274.558745713145
2679;179.957497338708
2680;50.0124711380924
2682;69.2988146159672
2684;341.126934277847
2685;277.603188773468
2688;109.908414350594
2690;367.181247841763
2691;48.7469101628567
2692;31.253907879239
2693;116.301108344433
2696;250.217364767529
2698;33.2570922651686
2700;175.681060724284
2704;41.2496190618556
2708;235.570041085793
2711;45.2498873207011
2712;81.8967229175358
2713;16.0074930617328
2714;249.795459403662
2718;35.2578764409366
2719;59.744046775817
2720;26.4872037956854
2721;36.9214385691747
2723;171.18311218806
2724;304.423046502287
2729;475.057137117091
2730;295.813552729535
2732;8.59707755175168
2733;376.633359988047
2741;103.806908094753
2742;217.940307285159
2744;275.860745256487
2749;360.497567032717
2750;177.011757653984
2751;13.536832496004
2767;311.842872660092
2775;25.5604792904308
2782;22.319776951647
2785;118.75733042792
2786;6.82695624667355
2787;18.2424948846833
2794;81.3081799458317
2795;138.60141021335
2796;30.026199282102
2799;114.862939221671
2801;111.808941029357
2802;56.9873496400318
2804;240.05163763004
2805;318.38443368614
2808;87.1040738036979
2809;163.893378966483
2810;46.978896059026
2812;327.807268815973
2813;298.326572012893
2824;129.683576160943
2825;172.649224230914
2836;60.3431267993415
2842;466.111489088484
2843;66.5260766152433
2845;214.415042396235
2846;99.7002186369264
2850;22.1394671882663
2858;268.337587260415
2860;299.439994625824
2861;18.8824198911981
2863;19.9383596684885
2867;265.975981871727
2868;55.1069187993165
2870;92.1162183964362
2874;345.076490095371
2878;14.1824284528201
2879;109.349479160324
2880;162.35830262239
2881;219.277299359186
2882;355.695168488188
2885;54.5490962993108
2886;47.1762790158694
2893;40.6933266283855
2895;147.289199052637
2900;84.3338250069325
2904;17.713604848982
2906;54.2279418874417
2908;210.08886643929
2909;61.0507234629936
2912;57.3012725043807
2917;95.506865625087
2919;193.235513411703
2921;51.2644621506684
2922;443.443259998313
2926;282.719150347175
2929;213.221581772912
2930;406.291419211518
2934;224.565259591822
2944;652.660411348321
2953;37.6827628741412
2958;263.563665582374
2960;42.6000009334194
2961;161.112033194635
2967;72.24286594018
2968;10.526304912236
2970;58.7517930474328
2972;76.0740620281307
2973;65.5719817673056
2974;41.3194988960378
2981;28.1939017642873
2986;211.195621736908
2987;47.9379283027052
2989;27.0152773129409
2991;53.198506213358
2998;110.160346398662
3000;129.575536228966
3001;402.349843196086
3005;68.3304309278709
3008;334.661103087089
3009;198.270816050591
3011;32.9188303119891
3012;92.2406545725526
3014;60.0823316243656
3015;188.334830480525
3016;370.532439008777
3017;38.1705427541315
3018;75.8785155915154
3021;38.8691588663305
3024;73.3457462398004
3026;74.2981489292956
3030;209.52020073918
3034;168.223910092565
3037;73.3056290012596
3038;354.214592621642
3041;55.014813573985
3047;89.1940900152816
3050;308.220705089259
3052;87.7148263703834
3060;256.244413734151
3072;444.004146759553
3076;32.9196304267558
3077;30.4832739833261
3086;292.508707768245
3089;220.166715551794
3093;10.3428964948511
3095;56.8255184382311
3097;91.3794699549716
3098;10.5740571031522
3107;99.8430707658556
3113;394.276959922813
3116;376.850763778896
3119;186.372133233472
3128;342.325589517293
3131;275.705878469143
3132;584.639217293439
3133;371.234976790534
3147;195.837486783942
3148;49.9334860102321
3149;297.771162370517
3150;34.093615669382
3151;56.1650386697838
3157;321.276865442802
3158;19.4110826027892
3159;76.2690850448069
3164;69.4512124413641
3166;38.6043255791559
3168;76.7853225100153
3170;311.272089630709
3174;118.64474934457
3176;281.679123082502
3180;337.638769248497
3193;271.367672272212
3197;235.120644428683
3198;69.6055305681145
3201;272.36207309781
3206;22.803917883745
3207;113.518217465623
3219;9.96520865869324
3222;63.1080296300579
3223;41.3194988960378
3232;35.2437333728493
3234;10.1675515468818
3238;101.156416470569
3240;113.955466084794
3244;46.8574409108828
3249;366.922291712469
3258;277.328345128402
3262;142.312251850246
3268;289.414155347896
3270;270.098104587303
3272;258.804084015681
3280;117.783473101608
3287;274.759947515723
3288;116.655916273503
3293;202.144481541874
3294;125.888754505763
3295;194.730845214272
3299;118.230765358487
3302;217.356277511434
3304;139.364306249827
3306;85.4644915203829
3307;9.44571578983962
3314;347.820916569151
3315;9.18116026095621
3319;36.1417695939464
3320;214.165239440216
3324;57.7301090619242
3326;206.739275051866
3331;263.137634073904
3335;36.0905080373256
3341;249.583996779438
3344;22.0460933553709
3349;311.377215451642
3356;98.022987640289
3361;375.456983421377
3362;71.8404393926915
3363;59.3861180426169
3366;7.83885110707768
3369;34.8877192085284
3370;244.359339842312
3374;171.18311218806
3376;113.518217465623
3377;224.745166945552
3379;304.743858059563
3381;41.6145914095643
3383;348.109398490625
3385;35.3973294249511
3386;31.253907879239
3387;79.998776140822
3391;125.95083951523
3393;578.167896939878
3396;14.7942636923484
3403;325.397038679179
3406;276.711549779519
3407;88.3289853538958
3412;373.040056117276
3418;108.513661566552
3426;130.116703629417
3430;65.5219630528821
3432;84.3131809650802
3434;104.531438530257
3439;335.920304508825
3441;152.100756607571
3450;301.734729941926
3451;234.644489535504
3456;60.3431267993415
3460;123.384268382919
3461;378.406784222623
3464;372.23471323042
3473;88.8181498704667
3474;51.3253663012748
3476;43.4763807715011
3485;294.887661186478
3487;209.654351750884
3490;104.204621064134
3508;294.104945453745
3512;47.336574451804
3513;208.834600164573
3514;361.758376661863
3519;345.689967631951
3521;175.82141774858
3533;328.551973724141
3537;153.227767962251
3545;84.9752636601539
3548;93.0090048508427
3550;181.442544370215
3553;52.8560849880092
3567;148.769331329777
3571;410.155451059073
3587;315.879495074309
3595;324.696883854951
3601;279.498667721782
3603;268.199866965212
3606;267.605585045096
3614;276.361260528102
3616;250.217364767529
3617;46.219266912376
3618;135.397988699733
3622;18.2668831528208
3626;25.5905094147179
3627;111.62995834669
3635;33.8384251897214
3636;57.8404214939423
3637;127.185805552286
3640;35.798686080052
3641;83.712560923159
3645;100.201196175578
3652;289.38889558663
3656;188.821458473645
3658;87.9804485218622
3659;147.401621454261
3666;182.740660302671
3668;417.834160662526
3671;86.9273885280324
3675;260.791720586689
3680;239.907616912082
3689;104.860019602717
3692;272.36207309781
3696;144.047355980406
3701;269.989933359886
3705;105.895309326314
3706;271.59069062817
3709;383.937493183331
3710;72.3163648050606
3716;44.3197462545197
3721;60.8484639319581
3724;35.6339858607709
3726;81.9185861994721
3732;41.5610722092107
3735;18.7466045422595
3746;114.136736396003
3747;401.124574129364
3751;37.5993869206066
3752;210.404781412442
3753;86.0542803828217
3756;46.5442371373629
3762;368.510145790002
3763;30.7586965338351
3772;82.4625014656336
3775;153.083515658498
3776;99.0632175033308
3783;375.353429842592
3785;11.4207358457271
3787;199.381527096411
3790;226.435495427194
3798;482.382259922879
3800;201.90048805149
3803;65.1325755884393
3804;150.346432809787
3806;64.0685103431779
3808;365.385347760435
3809;335.122736325752
3810;14.5311528353177
3814;29.9248110314661
3817;212.949470129276
3818;79.0440994357791
3826;439.229874002485
3829;361.538323375212
3832;255.499563291941
3834;64.1861329996913
3835;46.8574409108828
3837;226.268156535594
3843;273.303693822091
3852;29.1110201781971
3856;331.833018000562
3860;81.6628185141664
3862;346.104682176871
3863;92.2645354893648
3870;225.515788377939
3876;54.5490962993108
3880;22.1257059037278
3890;37.9510371981968
3898;239.907616912082
3905;53.4343419131147
3914;21.4153396044828
3917;72.24286594018
3920;223.114663934238
3922;70.4258481852104
3928;483.8361680556
3930;487.265685233796
3934;167.136595042901
3935;56.6716507687871
3939;154.061738964341
3955;20.3907226668617
3958;414.636803206186
3959;61.8051797981085
3960;54.7784471051179
3968;49.3789389547316
3969;409.006360144083
3970;91.8062892270619
3973;42.9383867964191
3974;214.738205056589
3975;227.795348049348
3981;201.65977419261
3983;297.957081719224
3993;51.5503507923163
3996;89.6203060293024
3997;319.432130228515
4000;337.275952725272
4007;208.883691537344
4010;297.835236880274
4021;91.9206768056362
4032;8.50937620113259
4034;36.8593968976904
4035;280.925426720537
4037;199.092060277809
4038;229.773577803674
4044;290.910077719484
4047;368.183811861022
4049;49.603276648552
4052;44.3075112393959
4054;198.221575548577
4055;57.392078278412
4056;63.4013768919125
4058;121.103815519108
4059;42.016217006122
4061;85.5426492919104
4062;397.483386307739
4067;295.444166348195
4069;283.635510302476
4075;60.9191831792062
4082;121.733338992655
4086;133.316994377655
4087;169.622159128618
4089;46.5003162318713
4093;63.8347441443501
4097;206.629581767532
4103;292.249472727044
4104;85.7355408573468
4111;18.8485430185251
4112;6.79502436574769
4117;32.9188303119891
4119;418.919781178141
4122;176.486443105322
4124;66.1366491092282
4126;77.5843963626102
4128;176.33829356169
4132;14.9531364760362
4135;35.937170328136
4137;30.9168558747233
4143;52.7439643130329
4148;296.253749472361
4150;49.4651121948526
4151;145.845666238686
4155;340.564943559452
4156;62.9809083302886
4157;326.222129506127
4163;339.299118919251
4165;394.276959922813
4166;303.039369467765
4167;72.0336953500921
4169;182.800865735731
4178;324.496296622044
4179;499.217511541485
4189;278.132275271358
4190;177.480509762733
4205;245.660058419743
4209;31.4990415291825
4212;46.8574409108828
4215;35.3973294249511
4217;126.34364463634
4219;516.924992758179
4222;119.110368488325
4230;90.3515760680197
4237;70.5391486285899
4248;349.853310444718
4253;409.233237739021
4268;276.361260528102
4269;444.178480246002
4279;487.739164817516
4281;128.892552676338
4284;192.870457070123
4287;148.935306771755
4290;97.5594660739786
4296;176.593565001124
4300;37.0889159458178
4304;259.070273450501
4305;100.201196175578
4310;153.785671535809
4316;143.990669785074
4317;44.2073074125505
4319;64.195650604514
4320;229.152199923297
4324;15.429383869966
4327;29.6420374890086
4328;15.7698423674709
4335;99.7002186369264
4340;527.724887979154
4341;12.9280670362626
4347;177.844591288961
4349;64.9806944790655
4353;5.27697161692224
4355;65.0827636968432
4357;49.0925463218884
4358;43.5478620221222
4361;83.712560923159
4363;20.3995415046737
4364;444.937669737812
4370;51.7935225882371
4374;90.9805078165918
4376;102.406998349735
4378;91.9206768056362
4379;206.148403048714
4380;28.9411902699096
4383;280.478264873358
4385;236.559917106198
4387;222.695672599596
4390;347.183461686646
4392;61.4553860281414
4393;57.4510107276792
4396;102.576721967776
4402;337.354262626925
4408;46.973984447318
4410;179.201382937567
4416;69.6522073696946
4417;228.201518845315
4418;107.854323231636
4419;411.119888849176
4425;60.3675425631969
4429;178.291247414346
4430;511.504279421848
4431;4.00387912571761
4433;194.75823173308
4437;89.6203060293024
4439;251.8933184338
4440;274.926014481648
4442;72.7271384474258
4443;80.8272382110324
4445;585.62979610447
4448;454.605364255545
4450;71.9850149177597
4452;333.174563698855
4456;150.231593716907
4461;39.5402032088871
4463;277.350858356305
4468;253.2185777556
4473;263.708470164979
4476;530.372474102066
4481;118.230765358487
4486;33.4624505516836
4490;153.988359992966
4493;395.502315298244
4501;145.272104005825
4504;423.414290931206
4505;299.958446600451
4507;20.3196548811573
4511;192.504096624553
4512;395.293478266804
4514;100.403051749819
4516;101.960336228639
4520;70.1673231582152
4521;296.564270040522
4524;39.2038387356498
4525;43.9952479122015
4527;76.872270331632
4531;303.34431437064
4532;350.677814459069
4533;109.600654371296
4539;71.6208715286902
4541;138.629234151798
4544;218.833475194831
4546;497.969295467331
4547;299.725806375656
4548;364.172121461458
4550;105.276422860003
4552;260.980364424939
4555;528.907657076916
4559;53.6780549406237
4561;38.803836745161
4563;215.298626880581
4564;526.526392861053
4566;75.7993178152511
4573;107.845094359078
4574;84.3338250069325
4578;41.6851896320487
4579;106.757875312752
4583;356.723152899707
4584;13.7244789774704
4585;23.4706707646249
4588;194.07714360608
4597;16.2851042358975
4600;54.7485799334416
4601;163.842258489525
4603;207.372144429496
4606;94.3828137020651
4607;83.201698062088
4609;292.508707768245
4611;42.6340694756393
4612;395.982088280688
4615;74.0630719769903
4628;85.2599351794302
4632;359.552448970433
4633;321.276865442802
4639;43.2285035975579
4640;410.63253655375
4642;81.6628185141664
4645;79.5615755482721
4646;383.29113703919
4647;46.1448735656102
4650;247.419637919112
4653;84.0237748035858
4655;221.031013777469
4656;103.806908094753
4659;99.3024315984976
4661;67.421016720569
4664;79.7642944884345
4665;126.606854316704
4668;65.0333125488049
4670;159.942948488278
4674;400.718543548576
4676;329.784011395446
4679;95.6951805647571
4680;284.734981152569
4685;69.4322511470425
4686;67.6068621624975
4689;116.997752293191
4692;119.796575781259
4698;50.7767934540934
4699;289.477115835661
4703;123.061973982673
4704;249.499667646579
4708;34.0093618443272
4710;258.079036825211
4712;100.981418573622
4715;360.497567032717
4716;102.241184269913
4721;170.260926687102
4722;315.735971047184
4724;242.938247713053
4732;164.405657265475
4742;365.809628570215
4744;101.194522187669
4747;587.674297876883
4748;97.0199041779868
4749;229.213170293131
4750;135.137630771539
4757;33.8027527560251
4760;32.1030285299208
4765;112.157982034098
4766;36.4456936780794
4767;233.119433316358
4769;130.575649104924
4772;331.164322766061
4774;199.798282745305
4779;220.557683287714
4780;260.502488244233
4781;188.913137495799
4782;563.908063605943
4811;97.7417529035008
4813;16.783664146863
4818;169.836077314184
4823;5.12665145077575
4833;377.272777340218
4834;231.555573694782
4836;135.137630771539
4837;47.6572705617618
4838;74.6996101748931
4839;273.35334884037
4841;197.421897811446
4843;234.859679535021
4845;318.28042850585
4850;326.621729308343
4851;90.5693184913853
4853;73.3056290012596
4855;283.230778896057
4857;79.5615755482721
4861;22.4241633130683
4862;301.927504563054
4876;59.9231020330425
4877;52.9561382255061
4879;341.107944565434
4880;379.10625889324
4881;275.705878469143
4887;79.5011599815106
4889;57.4837680708143
4903;278.350593001991
4904;52.1751387515098
4911;175.857275666141
4918;104.254122205102
4919;303.482176324023
4925;210.04024312775
4929;54.7122103909801
4932;33.5635834159936
4937;299.731423506847
4940;10.0280876575144
4942;173.341771541408
4945;59.744046775817
4954;330.680732527405
4964;218.624887719689
4974;129.85998851008
4975;30.1971188892432
4976;77.1065075798729
4978;111.475478880598
4981;290.273786759439
4983;352.580348869085
4985;167.131711151913
4987;159.452567212328
4996;49.3789389547316
5000;130.579309956028
5002;425.698369114477
5005;494.135651388251
5006;253.581843070116
5007;188.270938835707
5010;122.052572818321
5011;208.883691537344
5012;165.722143388253
5016;143.360952947247
5019;83.6826958406257
5022;239.788345799648
5028;101.926612493556
5033;70.651690184587
5034;58.3437122181142
5035;61.7831792140916
5036;122.146076705297
5040;91.3794699549716
5043;54.4661677836413
5045;127.747944834049
5047;106.882144245617
5058;96.458313999375
5059;38.5509386280055
5060;29.2950677961945
5061;342.686522198287
5064;118.26117314267
5065;226.328144574885
5066;219.277299359186
5067;172.965468478956
5069;619.277125907284
5075;67.6068621624975
5077;49.3789389547316
5080;17.1299081646983
5081;40.6933266283855
5083;8.22547328179382
5084;9.5459648582681
5086;118.679102722299
5087;369.684537315558
5088;33.5797647001179
5092;300.606099686721
5096;189.056452742062
5098;132.918511040035
5111;43.6548339854074
5114;28.3118257268218
5116;363.858350264481
5119;246.550373196143
5123;376.587626170718
5128;272.54011711854
5131;300.519486133899
5137;250.874481939951
5138;74.0239416978503
5142;261.220683259387
5144;191.26046255168
5148;30.1443800153187
5150;280.575760540081
5156;226.096716413856
5161;340.360694430196
5162;200.585770045483
5165;34.6371535078859
5167;62.6594936200892
5170;7.33841273096973
5172;173.919687970171
5174;315.448570236712
5178;219.277299359186
5182;107.597251822691
5183;11.0382307351539
5196;222.42199573023
5197;234.810747611985
5198;266.607847640826
5202;52.4690264553252
5206;64.6215990128572
5210;237.181644520718
5211;76.0740620281307
5220;140.002676179914
5228;13.7244789774704
5233;164.860221336178
5238;601.950879145044
5243;268.939573411233
5244;235.533898882853
5250;232.158636298062
5261;8.42521077689966
5263;278.289134879782
5272;270.710872110908
5274;31.3580458009195
5276;418.419233084632
5277;27.459337413179
5280;66.5260766152433
5282;198.894182084016
5283;273.303693822091
5284;82.2543463821333
5290;356.160875106517
5291;75.605017368744
5293;154.800210259539
5295;96.0218779219567
5299;126.354755934347
5304;394.290527196384
5305;155.6502805918
5306;214.165239440216
5307;69.6836269419125
5308;172.606704587817
5311;406.367960937576
5312;53.8395601376686
5316;27.0129800847502
5318;439.470811429133
5328;49.6335620391682
5331;21.9956458522326
5340;420.503955071173
5341;47.9379283027052
5343;312.954284856086
5350;46.7148181963793
5353;324.734915591661
5363;176.193335668742
5364;468.76476238537
5369;19.9860759045697
5372;149.613337272612
5377;82.9515046529753
5378;63.6789718843778
5385;78.8413068429828
5388;47.1762790158694
5389;114.969538456192
5392;80.9069585798977
5397;101.059751714497
5398;471.162418948868
5402;515.869842939112
5403;41.5118907906793
5409;38.6043255791559
5412;48.1556457299565
5414;28.3118257268218
5418;38.5680234520603
5421;317.10513546045
5422;54.8275704328762
5424;114.883869669964
5427;15.7023659760174
5428;475.581022528006
5431;56.2107028985552
5435;263.510716704915
5436;153.745021704631
5441;414.623819128343
5443;353.723214628116
5448;91.3794699549716
5449;135.928269758102
5454;105.276422860003
5461;309.742122839891
5462;30.7923542846135
5464;22.5699497037186
5466;361.758376661863
5471;60.3778698848012
5473;86.9595865998488
5485;138.687233292038
5495;55.9004788329507
5496;85.5426492919104
5499;442.302648107258
5500;42.6986182040268
5504;367.181247841763
5509;28.4176022537955
5512;45.6075957075756
5515;557.468572685442
5516;57.0158121113463
5517;295.624280273851
5524;450.217556906379
5525;204.183584625276
5527;135.68070595662
5532;12.962423567608
5542;245.926473943038
5545;16.0074930617328
5546;217.97146525416
5549;231.84590123846
5552;173.669257070351
5553;26.2466353079438
5561;253.801190601313
5563;5.00911931386164
5569;25.7038233493602
5571;92.2645354893648
5576;125.115370229038
5580;131.782273116172
5584;8.56656546320439
5586;87.6248301775251
5591;53.8395601376686
5593;243.435459461849
5602;44.3197462545197
5606;18.7769503646014
5617;15.7475592425078
5619;107.828640903678
5620;182.025192680404
5622;116.477982206951
5625;427.268124355161
5627;69.6836269419125
5630;60.7448966710676
5631;244.888951982557
5636;38.4578430846725
5640;52.7439643130329
5641;330.680732527405
5647;252.331980029175
5655;281.929651577271
5663;325.943477378228
5667;358.961838073369
5670;24.7460771478819
5675;292.249472727044
5683;80.1108278723701
5685;357.229860527176
5692;93.0090048508427
5698;360.965424556306
5702;72.24286594018
5705;100.31837498674
5708;33.8915140842411
5711;101.862744303879
5713;356.364949297217
5714;224.042913966485
5717;84.2253519727757
5725;73.0125310100634
5726;294.490559270659
5729;29.5361922681433
5735;306.083913464236
5739;22.0553466613973
5741;98.5682666440158
5743;58.3490539269134
5744;200.05445996929
5752;22.7938253387355
5753;383.785102038969
5760;380.626949875151
5765;75.4947111247632
5770;172.31798016474
5772;523.483017445167
5773;464.769904832992
5774;265.869399288997
5776;290.910077719484
5779;99.4416349313363
5780;301.312114794904
5782;49.9334860102321
5790;80.8272382110324
5791;103.449092639877
5792;165.278461890432
5794;103.387863497042
5801;210.04024312775
5808;69.2739411071479
5809;140.88350470686
5811;29.5966826782379
5814;56.1562734081028
5817;123.384268382919
5819;125.563371961398
5826;243.110496342346
5832;269.718998105243
5833;307.21120077524
5834;110.003372935272
5837;171.753740333675
5841;237.553202431411
5843;34.093615669382
5844;145.539389061808
5847;514.632578737363
5854;39.5956703589896
5857;187.3900072022
5862;203.057649539779
5868;74.1435408136011
5873;19.8153927212415
5881;39.5402032088871
5882;89.1267507909025
5883;15.7163325635128
5887;62.2566563796889
5894;336.827264727038
5900;50.2260509225258
5903;69.6055305681145
5907;570.901295276202
5908;16.0376867995178
5909;35.9508149824469
5913;140.002676179914
5914;261.918731860099
5917;366.602848419155
5921;394.924605354978
5923;226.096716413856
5925;316.688208645042
5926;87.6177369426342
5932;120.86091177806
5936;194.652123480069
5937;26.2038519433052
5938;162.346425666532
5940;40.6870036262113
5943;199.054591167196
5946;243.903164222117
5953;318.38443368614
5957;42.6340694756393
5958;191.727579081015
5963;54.3192487613937
5968;85.1627632557636
5972;365.554075961207
5977;316.086552974604
5981;66.9895932412369
5983;159.143330212498
5984;22.8993558217711
5987;39.9517357755373
5990;28.2798657989867
5992;228.342501765155
5993;55.1069187993165
5999;434.462162618448
6000;272.850289894188
6002;86.9119584200219
6003;37.9580600596487
6006;433.634364642303
6016;431.813780062347
6021;29.2974722459974
6024;6.34675175153302
6031;315.879495074309
6032;108.513661566552
6039;60.3478430019495
6042;100.31837498674
6043;426.639699801089
6047;51.7935225882371
6049;159.45977317304
6051;230.288008991741
6052;235.407289780059
6056;555.934488761477
6063;113.304161022192
6064;22.6137553098344
6065;104.200009615698
6067;413.266436889465
6070;82.1902859204913
6071;39.4836892353098
6075;72.2107402262219
6084;58.6249556148068
6085;60.6128260250357
6091;294.589703602512
6093;170.067856308838
6098;91.6477823147073
6101;324.961284891853
6104;354.903704596978
6106;259.161890949021
6110;76.0846301133251
6113;95.9226901857812
6115;299.724468031392
6117;28.7526862434008
6118;46.1452197363924
6123;44.4680277678148
6125;52.8036809379318
6135;98.1443867722748
6137;364.497872282314
6142;14.5292986501654
6144;297.020142722833
6146;196.064715507579
6153;54.7519574412626
6156;46.2815389897303
6158;119.267795218995
6161;221.253229556807
6163;122.149367681111
6165;197.692905640793
6168;73.1974026514757
6169;14.5433355039935
6171;9.39602704498426
6173;270.929949470436
6175;42.6000009334194
6178;209.20625046406
6180;81.7489915945768
6184;534.705359772071
6185;37.437622089893
6188;70.0632685977571
6189;68.4891064809143
6196;102.817376881922
6200;118.230765358487
6201;13.872482542273
6208;136.130336625527
6212;65.0827636968432
6215;407.53855928742
6218;60.4992837807913
6220;410.947218500469
6221;34.1920758146397
6222;291.914069040003
6224;316.086552974604
6240;314.683015187926
6242;253.264070205703
6244;215.65614608714
6247;90.5990148218711
6249;375.936706949321
6251;39.4558475839428
6252;217.751746534426
6253;450.348379044683
6255;255.877412499166
6256;265.869399288997
6258;38.3438653830907
6259;189.075294901324
6261;166.639744333227
6265;424.587124829131
6275;179.762255084107
6284;67.9620371286399
6290;97.9353092662668
6292;283.818059150022
6295;244.712104902978
6300;54.9635464865984
6302;35.9303802699669
6303;176.593565001124
6318;32.7865604920137
6320;27.07242172846
6324;66.2693389040259
6325;43.4477714025545
6328;41.864079432427
6329;65.8193101532983
6332;7.44838386218976
6333;206.148403048714
6334;32.9188303119891
6335;212.312217708456
6338;25.7431842267046
6341;413.49857223742
6349;358.297379064299
6352;86.1822205128189
6356;170.646411002216
6361;185.678064243635
6362;230.586401114754
6363;109.128713660494
6369;158.88926571438
6372;401.669253921924
6373;243.723608803657
6376;96.6211044830105
6381;10.7599720075213
6384;255.24819352055
6387;294.377073743134
6389;375.456983421377
6392;262.403719250841
6400;18.8142244231298
6403;8.56656546320439
6405;217.247663924541
6406;92.7374989053741
6413;95.3897478665719
6415;290.279092000731
6417;215.988256764787
6419;316.127608660708
6420;98.3535803046138
6422;263.737082923625
6423;413.266436889465
6424;171.672711328734
6425;509.625366781583
6429;21.2904522908427
6431;55.8250651469919
6432;69.955328206444
6433;57.8493478037717
6435;49.603276648552
6436;275.475275077483
6439;96.9708821725263
6441;6.16068163464069
6445;73.4314515246088
6449;228.264932077461
6456;113.95634143228
6462;38.8691588663305
6464;75.4947111247632
6466;74.1206990518625
6469;333.284647126413
6474;153.750620522231
6483;538.916118013987
6487;185.081488477766
6489;404.377931565545
6492;71.8348543488577
6498;60.2804301409846
6499;369.241784973287
6504;226.096716413856
6510;57.7569654441418
6511;66.7044028590736
6513;30.4946923504137
6517;18.3681848308104
6527;29.6444700120276
6529;101.156416470569
6532;200.05445996929
6533;91.2654979223692
6539;86.9595865998488
6541;6.06786646012232
6545;238.24217450293
6550;110.254614428338
6555;79.1677597479712
6558;393.781137865733
6560;91.9206768056362
6564;271.463204404133
6570;51.7048712639606
6573;141.676150780354
6582;340.952209492755
6583;285.029783641445
6585;124.858102757421
6587;72.7112006256198
6588;75.5754791072437
6589;137.888938582763
6599;13.7244789774704
6601;108.722947785829
6605;24.7974304779216
6609;107.597251822691
6611;33.3082459212163
6615;351.816384299681
6621;108.722947785829
6626;28.4008722352003
6629;174.172488771188
6632;336.273116224609
6637;186.353746027922
6644;348.109398490625
6645;233.485939721362
6647;65.0588806811211
6650;122.457844960994
6654;381.603960886068
6656;56.0350980382782
6658;96.0218779219567
6667;108.70271626955
6671;413.207672891133
6674;78.9232996081086
6683;51.7935225882371
6685;85.2384197865016
6686;360.963637737852
6691;35.7468831888763
6692;81.8759193790666
6694;137.25683381036
6695;169.011871861265
6704;188.619743047958
6706;295.328526887333
6707;57.5019924171167
6709;96.1566814170823
6718;87.7790145277716
6719;337.095537608662
6723;403.311286669146
6744;214.532031938784
6750;464.769904832992
6751;104.254122205102
6754;24.6306225389819
6756;93.0090048508427
6759;102.621673633642
6760;31.3354973206574
6763;30.2990742569683
6764;65.0827636968432
6765;80.0554814228341
6776;169.623704768084
6778;325.437228837814
6782;60.3478430019495
6787;192.131128179008
6790;10.1675515468818
6792;127.747944834049
6799;181.117249396727
6801;177.677349791742
6803;54.2279572165317
6809;261.386407780548
6815;309.056149713086
6816;334.013377273668
6818;269.695948957081
6825;26.2466353079438
6826;108.526814890551
6827;250.759523346458
6835;326.222129506127
6846;54.3192487613937
6852;90.201551038205
6855;120.861566300717
6858;33.0979154622369
6860;369.891537396153
6864;526.849872498076
6865;307.413188321619
6866;61.2402977683745
6867;133.483892887219
6870;18.8142324075655
6872;123.473503798539
6898;393.129994284927
6900;32.4047656064005
6904;43.2668487309355
6909;14.1701441870611
6910;138.516354613942
6912;352.580348869085
6913;115.765868603938
6917;125.706339809912
6918;91.8062892270619
6919;168.520878979862
6924;59.4140117046865
6927;54.4254999689594
6929;286.288126429941
6931;212.784321054755
6933;80.7771972494945
6934;39.6591267217489
6946;58.348331514558
6947;143.15972397193
6948;46.5003162318713
6949;279.446115013907
6950;311.828997856252
6954;66.6047792502827
6958;309.211032072478
6968;24.7361436364505
6981;16.8356361485467
6983;52.3725176620693
6984;5.73901636779942
6985;278.132275271358
6987;348.818876293112
6991;66.7598639564484
6993;155.570204688029
6996;308.157647512027
6999;226.096716413856
7001;9.91385172647971
7002;18.001270375162
7007;265.646395815886
7012;85.7683210107789
7019;387.870995401463
7022;35.8005641114109
7023;31.3580458009195
7025;421.99513252937
7039;43.4477714025545
7043;381.720268293966
7045;98.5690362278454
7051;341.072278288006
7053;76.8834313868446
7055;74.281327381725
7061;85.4298756415212
7064;29.9187453565996
7066;368.757706770932
7068;133.501716380293
7069;238.24217450293
7070;69.2990141694445
7075;23.0292516775568
7078;387.870995401463
7080;62.3058607049461
7082;34.5743433312921
7085;60.8736003001217
7092;87.6248301775251
7093;62.1787063680414
7096;24.6306225389819
7097;154.58148610893
7098;16.5106944787663
7100;80.2553431189449
7112;160.357674840081
7113;450.575317793899
7117;104.567678636036
7120;577.470210736703
7123;320.010430103506
7126;384.746585648778
7129;73.6798968476534
7131;166.356827184288
7132;371.973572317611
7135;267.347558412833
7137;51.5503507923163
7141;3.30575400476667
7142;93.1689577835332
7145;93.9450720418398
7150;99.8595596017928
7158;28.6759297504558
7164;296.67827433122
7169;185.649482231047
7170;9.31285919562272
7171;149.015722534244
7173;46.0700708160814
7179;55.3290252603766
7183;15.7023659760174
7184;189.503437728474
7188;69.7364803680646
7189;58.8098554096284
7190;70.9287809234545
7194;102.260666119082
7196;378.464928002509
7199;71.7763945505784
7203;22.7988880257213
7208;294.887661186478
7209;2.11126205179101
7213;82.1062177634886
7217;70.6172368257442
7222;91.0899909724765
7224;272.267607579269
7225;65.8935345044412
7226;51.7935225882371
7227;171.746196946644
7234;100.559679814523
7236;17.3837719679044
7243;251.595640191786
7245;11.7260945051721
7249;407.478373114055
7251;154.799193910455
7259;214.115386886521
7260;342.192993787141
7266;271.802065278475
7268;265.063523631391
7275;160.538927480978
7277;278.32358061024
7278;79.5615755482721
7281;1.12024388678918
7282;221.97038021064
7288;95.6951805647571
7289;294.837270762344
7293;302.682335552443
7304;524.474326000195
7305;38.8018631442196
7306;104.058620179121
7312;21.8965588877207
7317;128.343171823832
7318;77.1065075798729
7319;23.5803309974125
7324;358.973718607187
7325;83.201698062088
7328;165.343526142889
7329;317.771999998577
7337;89.5069369545411
7339;97.1457850989549
7341;279.108740247582
7343;228.276020806502
7345;130.553000564539
7346;39.2072566806409
7349;51.0354613310196
7351;297.771162370517
7353;76.5575292293023
7356;235.015727900342
7358;307.247957203824
7360;27.8241518382058
7361;35.8005641114109
7362;347.363633816273
7364;88.3289853538958
7365;392.948480698898
7369;69.4690632796213
7370;239.139955714829
7371;357.596296685476
7374;239.788345799648
7377;410.155451059073
7378;39.4836892353098
7380;85.3660189534739
7382;184.774300629807
7391;263.953331342654
7392;424.33997011656
7393;12.3363302031667
7394;131.479085969018
7395;192.323033197416
7398;263.184426229756
7400;81.9185861994721
7405;77.1065075798729
7406;306.34042882288
7410;400.623462446275
7413;55.305886160371
7418;33.1723269789026
7427;270.27380259814
7429;316.950532464459
7437;111.83437154298
7439;59.8292599831871
7440;215.829889470329
7441;84.4851442514819
7448;262.405126165572
7453;7.72045313197146
7454;60.6031861038361
7456;297.759562446484
7460;185.535196336487
7461;123.552743593059
7468;11.0190879760772
7469;31.5461815204354
7470;360.57211051808
7471;197.53549826432
7473;311.456714945568
7485;285.761984219929
7494;261.408114576609
7502;109.732400041828
7503;148.770756957204
7505;80.6708593803877
7506;33.9477847347478
7510;0.869618492035537
7513;358.973718607187
7517;75.5059088094608
7525;297.429048823572
7528;291.334856370288
7531;14.9550238037622
7540;14.7766904357265
7544;179.01282109214
7546;265.646395815886
7552;109.880171366923
7554;416.580030949194
7560;215.120972008946
7566;14.9048284197412
7571;116.524288630297
7573;182.26708200565
7575;519.804140908902
7576;64.195650604514
7579;78.1454605734265
7580;187.965380444667
7583;371.008276707169
7588;63.1591181712371
7592;211.652665078746
7594;96.8538472945508
7595;106.088499146309
7596;97.0199041779868
7600;314.877628455741
7603;57.4837680708143
7607;32.7865604920137
7608;176.438090762558
7610;54.4915226458004
7612;32.5967419131199
7613;335.226755469485
7617;115.765868603938
7621;57.684881367201
7624;400.623462446275
7625;91.9206768056362
7628;35.6339858607709
7629;501.676100314035
7631;572.228203485072
7637;82.8980654731556
7649;12.3363302031667
7654;91.6477823147073
7667;429.27827574104
7668;353.723214628116
7672;147.072592524642
7676;248.497783770777
7679;192.080957440486
7682;83.3720378966226
7686;18.001270375162
7689;257.896298495112
7693;26.2634752703605
7694;256.415890771965
7695;215.984159529147
7699;18.2668831528208
7703;52.1751387515098
7706;16.0059099409479
7707;56.0350980382782
7709;81.0985481878495
7710;321.721538290967
7713;170.033854123872
7714;5.63733526535327
7716;52.6440986268638
7723;150.578603396339
7725;226.524901794937
7726;62.3058607049461
7737;89.3253049270496
7744;65.8193101532983
7745;201.463875535336
7746;329.98200277144
7752;321.10223234491
7754;365.438028171289
7755;40.9195090562066
7756;87.1706595196259
7757;277.882483953373
7759;117.889701193597
7760;49.7370112091929
7762;190.00860314667
7763;100.31837498674
7766;82.1902859204913
7767;75.4947111247632
7769;70.0632685977571
7770;142.744045564346
7780;229.816619854498
7788;307.21120077524
7790;326.633291992893
7791;499.530549224221
7797;60.8736003001217
7798;58.9394924461125
7800;197.60645270508
7801;29.7270896416674
7807;52.3725176620693
7808;110.432235558483
7816;173.767029552399
7818;167.92141761859
7820;5.27697161692224
7822;329.892596014559
7829;204.849368832037
7835;236.710318633348
7839;74.6194203565609
7845;642.122107611314
7846;88.8828342483701
7862;219.050746913383
7867;14.0767323966119
7868;479.492903508291
7872;345.188149979261
7874;327.913181183131
7875;17.1151802596555
7877;205.890981906625
7878;207.261852398165
7879;77.9195811734356
7880;178.79235332283
7884;208.852280934625
7885;182.090369131184
7888;31.079323022071
7894;351.631700681822
7899;50.8037607335595
7903;7.02857760333019
7905;12.9477292943782
7908;17.641114453249
7914;76.894068608343
7918;61.3842838036848
7925;186.795830422072
7926;160.017323538404
7930;550.818564432407
7931;165.804084926428
7932;109.349479160324
7936;24.276705075056
7942;79.1677597479712
7945;10.7599720075213
7947;34.039833478387
7954;420.503955071173
7956;107.914119665031
7960;17.2995239542329
7961;362.381741763754
7962;61.3639512790578
7965;320.258946986275
7968;31.7223759171579
7970;17.5177852715581
7971;23.2213293792942
7976;51.7048712639606
7978;73.2869745130348
7982;301.670454519599
7983;292.075672767794
7984;65.343613635712
7992;95.3041892229251
7995;531.771135179813
7999;373.769202367024
8002;26.7984548870716
8003;229.293544402198
8007;111.475478880598
8008;299.439994625824
8012;404.162222842544
8014;91.8062892270619
8022;51.1842789096223
8031;268.975249144754
8034;84.368893920849
8040;344.373084411118
8041;1.74428806899485
8050;243.63679632494
8051;26.1170333528875
8053;363.173887685025
8057;18.8142244231298
8059;320.591030273568
8067;26.7984548870716
8068;251.281214813463
8070;79.2509263944651
8073;298.274722132451
8077;252.377319086386
8081;224.299341320559
8082;345.945925145093
8083;80.2013201304508
8091;364.016078507799
8094;7.33841273096973
8097;31.4990415291825
8099;74.281327381725
8102;492.164528000082
8110;460.139517304369
8115;86.6766355542894
8128;29.2950677961945
8131;57.6353256403521
8134;32.4812571500759
8135;79.2509263944651
8137;122.603498362909
8142;96.0406208266504
8144;20.858797682819
8157;214.321713357347
8159;71.0520565679602
8161;195.066043651037
8165;260.084884567976
8166;36.0506581969695
8169;200.922823715579
8172;69.1509038669091
8173;463.285725841652
8182;76.4425554321471
8184;54.9430802258424
8185;387.232364191864
8187;547.689327323131
8188;250.027333553555
8196;268.834521260417
8197;110.684079865677
8200;150.04226003264
8204;141.301213773119
8206;51.0354613310196
8211;451.159369710144
8221;43.9411394273048
8226;16.2851042358975
8227;160.497186787179
8232;195.601253935543
8233;618.680461684399
8238;75.9565508976109
8244;310.601122926888
8248;96.7151312262912
8250;14.9907919050186
8257;199.798282745305
8258;372.403637544908
8259;41.7599802635728
8260;512.469742320258
8264;144.257473282828
8266;123.822617679058
8272;63.2775842028497
8275;106.882144245617
8281;236.47156439737
8285;93.5824553332335
8290;71.5529106491957
8295;160.538927480978
8297;184.777764869443
8298;396.16088074372
8300;365.809628570215
8305;17.4368805645391
8318;78.769201692945
8319;430.759409823318
8320;117.520037689386
8324;34.6671444108464
8329;110.160346398662
8331;53.99368126022
8332;101.90259485594
8333;80.8272382110324
8337;12.4286315093701
8340;47.6572705617618
8345;133.047937603678
8347;19.5799694756191
8359;231.416182432094
8368;210.614133599842
8370;249.923311127611
8372;415.993136367281
8379;325.080443221797
8384;428.425924805839
8401;42.6000009334194
8409;263.343265949972
8410;18.8824198911981
8418;55.1069187993165
8424;195.554110253816
8429;59.2787419605433
8431;212.07658288328
8434;15.8011344880205
8438;327.070944695312
8440;259.036808802169
8446;95.6105157958494
8447;23.1207130817655
8448;40.4132521090563
8449;341.836367129645
8457;73.0966697566344
8463;65.1325755884393
8464;12.6534002947378
8465;391.073995920233
8469;120.353518725334
8470;128.928853783487
8473;231.704282820182
8478;96.0218779219567
8480;79.5791241044705
8481;264.606426455412
8485;112.557871880007
8486;138.083713257082
8487;231.802205472623
8489;156.824313120888
8491;35.4692999415707
8494;16.8272647958512
8498;180.851298517052
8499;16.5826974660599
8501;352.009293340042
8509;123.026844294626
8510;358.914624120161
8511;87.1040738036979
8517;114.887721965531
8524;176.147316630218
8527;258.162468370551
8530;264.991100367905
8535;252.331980029175
8537;93.5882976914905
8540;85.0870015111355
8541;89.6203060293024
8543;20.7510972284422
8547;22.7988880257213
8549;309.173712930087
8557;143.862864419447
8559;265.274046952368
8564;13.6549521861917
8566;511.504279421848
8568;237.553202431411
8577;268.95223917994
8578;495.790508401284
8581;100.891579562458
8583;0.656887937425014
8586;62.6594936200892
8593;40.9890438950291
8594;72.5710116537855
8595;74.6583690021817
8600;26.597553219309
8606;46.9015693138293
8607;71.6208715286902
8611;78.4306695960102
8620;38.875745022298
8621;79.9948350052559
8622;66.013972799275
8623;130.780639880349
8624;270.484285857079
8629;63.2775842028497
8631;25.8466089479761
8633;306.442012486816
8643;354.064484684693
8646;208.603328842572
8647;146.733477504968
8649;131.373144755824
8652;63.2619113996206
8661;191.055448785471
8662;72.1525500924625
8668;139.6149763634
8669;76.7853225100153
8674;115.765868603938
8676;447.2441839119
8683;411.821614185214
8684;28.3118257268218
8685;26.9127504858992
8691;92.4890490574889
8696;25.1802776955461
8700;216.364845493153
8703;420.09903412392
8705;35.5513416928037
8706;76.2197234321803
8713;167.136595042901
8717;51.8286842711063
8718;201.259105939162
8719;36.0260862464081
8722;312.900888009591
8725;8.22547328179382
8729;76.7853225100153
8731;41.8117478573356
8736;172.541420802892
8738;127.872662210396
8739;100.271246696086
8744;439.249085010866
8753;363.443554220375
8763;75.1776829759152
8765;48.0603916854062
8768;27.7691341476209
8772;252.208939582707
8773;431.119905575781
8775;28.3118257268218
8780;90.084475327343
8781;144.596478806334
8784;350.314290467759
8786;110.663624255204
8787;199.563543357268
8789;327.963469931605
8790;121.828433167264
8793;423.597556884836
8798;287.897060140335
8799;86.8007132715864
8801;403.924705069441
8802;337.425875934198
8805;52.7404950223439
8811;134.768758487745
8816;194.149757413972
8823;65.8193101532983
8829;68.7850148630311
8832;224.698302722589
8833;54.8938931449586
8834;218.136453651461
8835;90.643076989514
8837;113.614825606512
8839;222.689880594056
8843;512.469742320258
8848;44.6695905011245
8849;108.722947785829
8850;367.339806486546
8854;76.6993903652898
8856;170.87887059682
8857;57.5019924171167
8863;44.2232977476495
8868;74.2234152023936
8869;246.252820670282
8872;150.04226003264
8882;172.875152468665
8884;120.988941970936
8886;277.328345128402
8887;19.6452636387967
8891;257.920113015524
8893;354.183870543945
8897;332.076424225412
8898;85.3660189534739
8900;10.7117037780525
8901;298.879455576465
8902;367.720536092148
8903;59.1721346786307
8905;49.2954480144222
8907;44.7135905042821
8911;68.5229163922178
8915;45.4698911181576
8918;188.308004099783
8922;190.608039708216
8924;54.3192487613937
8929;66.1366491092282
8931;147.966387600489
8933;42.8689304550435
8935;57.7301090619242
8939;95.6963832092631
8940;199.928563887375
8954;23.0344140207875
8956;52.1751387515098
8959;11.1857151714222
8976;52.7439643130329
8977;26.8508181972584
8980;283.072848702358
8981;25.7016051672868
8984;236.494564851057
8985;32.9196304267558
8986;457.468956120551
8997;90.2264015725735
9003;319.864740580884
9005;47.6101176573297
9007;172.266098311947
9008;321.894895330602
9010;25.8292354503169
9012;192.131128179008
9013;424.413704147552
9015;355.866849023232
9016;300.469044293571
9023;295.813552729535
9024;140.729823714111
9025;80.1436913166452
9029;58.3437122181142
9030;229.152917255675
9032;64.6215990128572
9036;52.3725176620693
9041;137.05373797653
9042;6.05052010279084
9045;34.7981739676932
9047;30.7459117910394
9050;11.3781627007459
9051;160.748093782001
9056;283.942179544225
9059;76.6113730513613
9060;87.492977299767
9061;315.69489856101
9063;50.0961406532202
9068;72.36415333311
9070;368.602260267354
9073;38.2662019023886
9074;391.803899148721
9081;12.4286315093701
9083;238.592050711477
9088;15.7475592425078
9090;199.798282745305
9092;141.120807144795
9097;86.8007132715864
9104;99.1587012850109
9105;9.48482581736635
9107;45.403490711684
9109;250.950776955433
9116;20.3995415046737
9117;70.8190215897807
9118;175.830859005244
9120;29.4754867276543
9121;705.668711337463
9126;204.309870452521
9134;38.3656931233947
9135;60.2804301409846
9138;47.9379283027052
9143;162.841428320677
9145;271.768423815972
9150;275.883185002387
9153;120.535244020951
9154;82.6873274137989
9157;205.810414492456
9158;37.2313155024978
9170;88.1522406633596
9171;77.5843963626102
9173;202.167712870302
9175;422.101482444366
9180;177.814197024128
9181;344.165695769586
9185;223.611629932617
9187;107.106309712409
9189;37.2313155024978
9192;386.023910155659
9194;27.5910612026742
9195;72.1703513032089
9199;43.2065201890805
9200;281.557680444016
9206;13.7244789774704
9210;164.760495336856
9214;128.545996604874
9221;148.481138783322
9223;367.181247841763
9228;208.834600164573
9233;143.776762414127
9234;52.9561382255061
9236;258.736410001316
9240;316.974607125647
9245;164.405657265475
9255;8.85365459971014
9257;250.691780987736
9258;380.959385543401
9265;494.135651388251
9277;45.3166826472013
9278;349.328642736451
9290;308.401916799242
9293;421.293835216318
9308;61.7360202647411
9309;170.646411002216
9311;20.7510972284422
9315;397.043868979964
9319;0.335429472063591
9324;49.603276648552
9326;188.372691922747
9328;40.1573002162321
9331;217.646757168134
9332;80.3174973364589
9333;97.789313520606
9335;319.432130228515
9336;21.2904522908427
9337;407.417465503803
9345;299.54263344243
9351;275.174136937197
9354;346.507489338937
9357;60.7448966710676
9358;306.083913464236
9361;96.0629896385121
9364;76.0740620281307
9365;26.7984548870716
9368;413.667287947305
9369;179.255306632961
9372;89.1267507909025
9374;536.111046793794
9378;75.8942204134091
9388;417.957152771041
9390;348.665244445596
9391;25.7038233493602
9397;46.973984447318
9398;208.423589919765
9401;69.6055305681145
9402;391.416240286448
9408;80.3707831648296
9412;34.754242163894
9416;50.5111950079393
9423;355.126168233355
9424;78.4306695960102
9428;249.046629074273
9433;95.6343639469258
9434;21.4422599256282
9436;286.288126429941
9437;185.339782955648
9439;212.312217708456
9442;64.9282756331048
9444;49.233379678128
9445;625.651997659098
9449;184.224427927542
9451;106.908554973331
9452;20.5254192665262
9460;258.436225945401
9463;653.47296558676
9464;170.930156888355
9466;55.740541865187
9469;214.454811020561
9476;36.1417695939464
9477;7.79914793510024
9492;155.589791558244
9502;250.874481939951
9503;277.699320130065
9506;145.584439468093
9510;59.2054770141157
9512;186.005061178613
9515;50.2260509225258
9518;137.006800783508
9519;49.5169551302808
9523;233.077566233506
9526;170.421890444038
9530;462.574992769
9531;99.9406029799779
9533;6.91789982541325
9541;551.829081941487
9546;133.423020196566
9547;88.2998687682609
9549;75.5754791072437
9551;225.491780392201
9554;426.261706012227
9555;29.9246920860532
9556;125.39290021103
9557;359.229198580451
9559;53.8456856859121
9565;239.788345799648
9567;334.865538488408
9569;105.375552794466
9575;396.925862015993
9577;213.47030696831
9578;72.7378757975177
9579;161.080187319788
9583;368.72616354397
9584;439.470811429133
9585;34.8628573606866
9589;157.628072362727
9602;538.257993122627
9603;31.1776825058487
9604;335.318825238968
9610;29.4524868363588
9612;21.342918034075
9613;12.3363302031667
9614;148.481138783322
9626;512.991730347489
9627;291.914069040003
9631;46.516812612906
9633;220.479132974165
9637;202.433703351372
9638;54.0009199839608
9643;0.869618492035537
9645;44.6695905011245
9647;42.6340694756393
9654;197.421897811446
9655;86.8215674228061
9659;257.561916962282
9660;107.301886642193
9661;126.606854316704
9664;99.403322523021
9665;128.90797933104
9670;7.99355594276788
9676;58.0428798354205
9681;216.514962604893
9682;188.300773885545
9684;335.482487330516
9685;200.05445996929
9687;177.110685236598
9691;22.2717491686038
9698;81.6014245854638
9700;6.34675175153302
9705;49.6489806550158
9708;300.606099686721
9709;253.2185777556
9712;245.313858133998
9716;40.7831408246963
9718;328.057819407284
9721;315.07163215355
9722;454.786285224975
9728;72.5552409117914
9732;251.667468301965
9735;50.1670926914154
9736;297.343536445528
9738;274.554945910754
9739;50.0961406532202
9741;120.143180843836
9743;100.9623602793
9752;59.3861180426169
9755;242.202772120095
9757;88.8828342483701
9758;44.6452647213489
9759;57.4337449953351
9764;640.487596834932
9765;271.35343781394
9768;41.1160931302462
9773;26.9127504858992
9777;526.44995322145
9778;327.459957839732
9779;0.869618492035537
9782;12.6339448136548
9787;273.289921191165
9789;47.9379283027052
9793;280.595096978256
9795;277.385761626676
9797;255.877412499166
9798;277.602719508148
9799;77.1065075798729
9800;185.432258969762
9808;76.7853225100153
9820;32.1030285299208
9838;58.6249556148068
9840;28.628740063875
9841;275.917506846826
9843;195.168602477001
9844;93.8283403083344
9849;57.6353256403521
9850;366.492933418325
9855;74.6194203565609
9856;329.648558207674
9858;246.814851471749
9859;95.2360033460813
9863;50.1495165533436
9871;49.6642396999043
9877;400.914977761234
9878;312.282656593032
9884;383.29113703919
9886;30.4371193647486
9891;98.8229317514987
9892;431.11929009805
9894;265.683281090583
9895;161.305444516236
9907;95.5522104708084
9909;474.887439169035
9912;286.473026765323
9914;53.1376778148468
9916;258.425234180997
9924;264.431594420884
9925;326.994445153623
9926;62.1787063680414
9928;352.956511914049
9930;91.5035454082413
9933;65.1515614410919
9935;262.405126165572
9939;314.495635509138
9940;74.6996101748931
9947;21.6461501701481
9957;44.9335427382716
9965;137.748314154972
9968;36.834197490216
9970;407.068390874248
9975;6.85898042094395
9976;71.2078842107241
9986;144.257473282828
9987;284.033502307616
9995;73.7928288975562
9999;137.328059885002
10006;197.692905640793
10009;446.432288515698
10017;42.8276594719212
10020;201.463875535336
10023;263.737082923625
10025;396.387048491741
10030;214.115386886521
10032;359.862149572143
10034;6.82695624667355
10035;486.209067823354
10038;78.8413068429828
10048;91.7213444740374
10049;84.3338250069325
10051;196.57135221339
10059;168.703625549507
10061;28.2798657989867
10063;109.349479160324
10076;156.416600014617
10078;610.104451684557
10083;329.835811266689
10084;58.6249556148068
10090;361.431867774825
10092;90.2403686573973
10093;149.13708955295
10096;266.559472259742
10098;345.237345144857
10108;44.6664724232159
10109;223.611629932617
10110;94.6743202767253
10111;59.6289386317274
10112;79.1677597479712
10114;126.001257826066
10115;284.089426602077
10120;32.1030285299208
10124;331.536083064065
10129;100.891579562458
10130;57.3239112851244
10135;91.9206768056362
10138;53.8395601376686
10141;89.8846693531124
10143;106.681777735777
10145;42.4942060642923
10155;12.5407056226769
10163;263.719599850949
10166;89.5248857935898
10183;55.1069187993165
10185;224.955191912697
10188;74.0628640787709
10189;207.614250832982
10191;469.514381323555
10195;20.3107636608096
10199;35.8894047593949
10201;0.335429472063591
10205;44.4680277678148
10207;280.120622917408
10211;265.132212544132
10217;38.7279943993889
10218;43.3940788896473
10219;61.4553860281414
10221;52.7404950223439
10225;86.5236475947293
10231;310.176892354527
10233;31.5461815204354
10235;27.0619227341161
10241;20.5926372338602
10243;70.5699115407161
10250;370.305183915558
10251;253.276236248569
10253;108.847802781358
10256;405.730073135897
10257;27.7691341476209
10259;292.523662062562
10264;12.9280670362626
10266;8.34857125930147
10270;172.444073852647
10280;370.305183915558
10281;347.073761654125
10283;341.518147346588
10287;205.535735947633
10288;362.594034180083
10291;329.3016644551
10297;345.745548603495
10305;15.8995943393092
10309;332.668121477692
10310;35.8997205220377
10312;282.855063188966
10313;216.595686669813
10316;77.9355449526388
10317;269.875842345126
10325;199.798282745305
10332;152.690771848629
10335;203.671626886871
10339;240.803179262374
10340;228.748382572977
10341;429.403332588692
10344;243.434282117326
10345;217.534432762314
10346;37.4909208372065
10349;294.791543784394
10359;263.089647655114
10363;96.0218779219567
10374;272.070063888284
10375;126.645611282061
10378;221.732765079527
10380;169.836077314184
10387;113.955466084794
10389;252.1174167665
10399;27.9916187488269
10400;227.789474673936
10402;115.324349596415
10403;83.2062725382491
10405;91.9206768056362
10414;61.8310928553722
10418;260.502488244233
10422;263.670731499991
10424;401.54923775911
10429;270.049961695872
10436;350.203976382824
10437;231.685433863029
10438;33.8001153082257
10439;47.8646008444463
10444;406.506383422034
10446;131.957722541256
10447;399.389411699743
10448;236.723154552125
10449;333.084269869949
10452;11.2726203162648
10453;177.586572382891
10454;41.0159713288307
10456;8.54497627160569
10458;438.526048472299
10463;52.1103388273139
10464;247.235681115714
10467;232.663921716796
10468;247.855436804908
10481;414.636803206186
10485;104.860019602717
10489;12.1861389705234
10494;146.256453888298
10500;253.811663548388
10502;37.2313155024978
10505;188.03448689511
10509;71.6208715286902
10513;370.421799508325
10515;45.871568470341
10518;169.50709574824
10524;44.4869564892412
10526;27.1416160254368
10531;46.973984447318
10532;231.253798124414
10536;360.583165301992
10542;160.017323538404
10547;16.9148119268957
10549;27.0619227341161
10563;10.526304912236
10566;20.7510972284422
10567;353.924661894879
10569;287.995372394957
10572;16.0059099409479
10574;239.704896571553
10580;109.148729979247
10582;60.7260456852282
10583;182.609978621739
10588;325.198444181606
10590;46.5003162318713
10592;428.617367107425
10600;345.998595901212
10609;266.997777378499
10612;146.835065517252
10619;426.261706012227
10623;76.4985297861397
10625;354.064484684693
10629;70.5391486285899
10630;72.5696910839736
10637;172.883360688962
10638;39.1533573607757
10641;11.6370483911519
10642;163.893378966483
10644;356.316539105617
10646;399.389411699743
10648;95.4125647513204
10652;77.9195811734356
10659;115.459170421309
10666;29.2734453715879
10669;196.493655862521
10670;28.8447999399117
10673;208.502672598375
10675;153.584449324428
10683;50.9475972620316
10684;176.438090762558
10687;245.434815132239
10690;17.3231353501753
10691;338.525665565272
10692;96.2717125132095
10697;262.124973066294
10700;58.7517930474328
10703;282.574909827521
10705;334.71224757226
10709;120.273771893755
10710;98.1694455008073
10714;35.8997205220377
10715;359.325878260593
10721;153.984237772571
10722;104.567678636036
10726;72.6802501694602
10727;40.4582731003582
10728;191.0320107349
10733;508.528716938349
10734;41.7599802635728
10738;258.162468370551
10746;94.3828137020651
10748;309.173712930087
10750;6.82695624667355
10752;61.9111170889636
10754;25.7038233493602
10770;180.126771605297
10771;198.370191295961
10776;353.976385960884
10781;100.893919243825
10783;460.139517304369
10784;74.0630719769903
10785;5.31570050223224
10791;307.02974252571
10793;214.771413591293
10796;49.6877975109832
10800;70.1673231582152
10802;275.750225319258
10805;132.444358523782
10811;264.676617698399
10815;131.840328555858
10821;315.502239725191
10823;67.8087264444568
10827;291.154860686816
10829;279.230890055
10833;44.2073074125505
10838;45.403490711684
10850;166.950046510692
10854;238.306493684347
10858;45.1791220862189
10867;292.075672767794
10868;216.149571537104
10871;96.6233826389686
10872;384.863482269098
10873;72.24286594018
10874;77.948319716452
