1;96.561664004504
2;76.0695762720789
6;102.278001026989
14;328.187446993396
17;54.0584256016668
20;85.3500101544812
28;132.151251292107
29;121.916614278486
30;308.18095786304
32;148.449354472658
34;27.7563587549833
41;17.3848274709922
45;142.403887505303
46;46.3890597339946
47;271.841698935476
49;34.2095355011864
52;236.740519533232
59;227.294412678495
61;61.2275932401804
62;115.208747257309
66;222.094981348415
71;60.9550318379429
77;132.510841177151
78;92.8863476395021
84;85.6484802589431
87;53.8297552409755
89;301.170944625213
91;304.332888371751
97;280.677164494005
100;314.333310270631
102;6.70295572078423
103;88.0553947128606
105;31.4663725424732
109;16.5169187671357
111;36.2184673744372
112;36.0616275788852
121;2.50430982244137
126;179.163073663992
136;266.99239022774
137;63.5848853636931
138;54.6780060072657
141;345.388967035451
146;182.473885189293
151;73.7302811747133
157;0.266665053195668
165;8.51780664811906
167;30.099564328164
168;7.18093084062823
169;213.697552827237
174;339.165618049568
191;138.803258626469
192;289.937073917247
194;229.290897903782
196;81.2943436154957
197;94.6179476689633
217;136.282527810829
223;256.165819137556
227;29.2401235394106
228;91.8421970829726
231;197.88180730779
232;290.314655459235
244;520.704090959869
245;327.98859557685
248;432.891792938176
250;370.836850622464
251;236.434991253071
252;133.79474590964
254;468.575827155343
257;260.859601572459
259;347.241088950713
273;37.7249290312839
274;90.3656120808124
276;38.7980310692632
279;171.521165038377
285;284.784107461764
290;446.170625762644
292;150.144838113136
298;358.855250056222
299;193.779746059498
301;40.288424740562
302;380.723885764975
306;61.4241875856772
310;92.2372422762468
314;27.0289307180435
318;212.172113873972
319;442.957578359431
321;67.7632978796479
322;50.0987040290519
323;37.9486928755253
326;19.7516192820065
327;328.189732133781
328;209.924928279111
332;282.416724280741
335;103.069694339306
343;140.588112082567
344;33.6114631854233
345;147.22705603844
348;290.211826509707
349;306.57921160318
356;114.4878179481
372;286.71882588993
379;101.937865932618
386;352.498398913027
388;105.964916979953
391;85.0003356964689
398;49.9698365996088
408;75.6573058991457
412;228.467976340183
414;314.802422888249
419;378.806189173476
426;264.379921536227
429;173.97959623129
431;290.513869666122
432;238.902368424508
440;347.241088950713
441;92.9695403115253
443;63.3040441280214
446;311.367221589289
450;62.5878728244891
451;436.565511590763
452;159.18020210661
454;314.462855251779
456;25.4120933922048
459;390.280025631053
464;162.782643876883
465;65.7017755347099
478;38.5292795297445
481;378.934120320846
484;505.981185787289
485;69.0830116635979
487;404.333583100457
491;152.338153789544
498;206.318066424515
499;52.9026118413357
502;188.017221901831
506;91.0302996425908
508;230.946888729003
514;13.3647668669479
516;45.4091524876131
517;58.9823957626805
520;170.247326943857
523;70.2089987290704
524;6.64748940479005
526;56.5217185727808
528;87.3328682438248
529;106.840563603504
534;36.0616275788852
541;345.602250331992
546;234.347683093844
547;145.031038505868
559;166.349597259791
561;327.101617262088
567;273.518921661161
569;2.84115832414731
570;152.689077750147
573;59.4410773012486
574;270.564942164971
580;265.06794439494
582;159.812518269347
594;184.168815912069
595;42.6093153650471
597;12.3932701538438
600;200.846300338193
603;22.2604046634286
604;181.631783276497
611;433.42476511794
614;300.33093945045
615;15.7330710032873
618;60.0011505612926
620;56.484671232393
623;15.9498674954725
628;69.8348509726434
629;40.4168895010774
637;349.877789654046
638;148.781524776235
644;36.1343137622078
645;285.37382985834
666;156.479686253726
674;29.4862553742558
678;192.156816755931
679;4.46137373766381
682;169.302646347662
683;88.513900091275
685;93.0877137387094
691;224.749158310519
695;114.570703135879
696;76.7123804744158
700;292.826179592251
701;375.284950343258
703;217.808047601326
706;24.1632276985482
707;44.9536028494001
709;1.86086385131886
718;208.570098231224
719;258.615354365635
725;231.797144981118
727;304.596581955296
735;478.479073069557
745;339.561813674756
747;473.714216917503
751;132.515685316111
753;82.6918233337143
754;82.9829323749322
756;113.748379821567
759;130.536740199321
760;197.514847358259
761;64.6715575873386
764;234.437351087003
765;337.216748482651
767;237.457643393253
773;111.040270191055
775;321.78768142691
782;311.216952163086
783;266.592027948152
787;7.98137043316919
789;263.718974155482
790;43.309440364942
793;257.274945366381
795;152.546953482525
798;41.5982241529635
800;228.877644505995
801;19.5985240980852
804;238.832134114857
805;71.9273476788318
806;238.778309070966
808;28.1349273045567
809;69.6444430818875
812;278.351776389958
817;204.878889437657
823;0.489117819524979
824;269.017206210268
829;419.884779422467
835;56.4297278322499
839;274.252939701663
841;62.10280929631
845;67.5012013931656
850;168.029842052114
853;289.176172183657
855;375.564494102948
862;494.362652945931
864;16.6377986377566
865;261.885039355144
867;178.861394470233
869;15.461265111846
871;288.68294232213
874;118.197038886918
877;202.387021384741
884;325.908069138954
885;88.1737785013577
893;101.723880044796
894;124.901935402579
897;323.16433682384
904;128.007451672482
905;291.247660474428
910;20.4894671338389
911;179.310154235847
912;28.6381383448159
918;240.535818576533
922;77.9982406342238
925;56.1299182985902
927;204.010474696551
930;262.097657892313
931;356.424472293295
933;195.969423696902
934;225.210396479139
935;99.9621345186933
936;107.744848213722
938;329.91400033449
939;22.3974302767899
948;415.32354650118
949;66.1437102986494
950;278.712782047784
951;10.9496557131333
957;403.367263890085
965;286.940668209528
966;101.055391133647
968;188.688959073609
969;91.2980659335636
972;52.7147081954184
973;49.135139482909
979;82.7519024370592
983;332.011270976429
985;77.9982406342238
991;56.4758126484794
993;86.1842231759109
997;32.0816918878438
998;199.57996397787
1007;63.7643989145743
1009;106.510932330694
1014;181.529620351308
1016;284.426908753633
1023;254.781368860638
1025;66.7015752101503
1027;266.054873709695
1028;200.302515512929
1030;235.012006210028
1031;155.430447681527
1033;127.039872264264
1046;4.86000256437335
1050;268.673188369388
1054;46.8061627444129
1057;32.1646269516573
1061;187.306431591933
1062;140.298339052286
1066;251.364845578892
1068;270.792835497031
1069;387.742168129767
1081;129.362049859128
1083;257.43909456283
1084;370.313307533968
1085;82.776223501772
1094;22.5430619929569
1096;99.350442714869
1100;77.7707109536011
1105;128.519555492374
1107;595.542006418752
1108;102.066682775295
1116;28.1746737299549
1118;183.078605323532
1121;130.682878122699
1128;381.175368298155
1131;189.97821690486
1135;71.6484190753662
1136;199.576724200486
1141;58.2521893404518
1143;23.9039976971429
1144;28.3190009409358
1146;108.03727464453
1148;307.627701861708
1154;197.775898524646
1156;371.768167181533
1158;298.524268570206
1160;98.5621444537819
1163;251.25694427664
1164;26.1593618574842
1169;297.290016254362
1170;384.784199233084
1171;64.6904531252317
1173;228.229269166756
1174;168.96570198029
1175;38.9905671366348
1178;232.838083038767
1179;68.2721338511258
1183;8.32106377409115
1184;106.925900917296
1185;4.99402157704664
1187;80.6725548550683
1192;197.581979923192
1195;9.98350731649276
1199;261.982035414508
1200;188.924517940415
1202;367.001543705035
1207;2.84115832414731
1212;367.462136799236
1214;10.1089086941349
1215;137.66824294744
1221;231.528331220224
1226;324.616587762127
1231;353.170954772329
1232;1.54893661133936
1233;270.117933257785
1239;221.024263565059
1243;20.8816291003579
1245;52.2055420949349
1246;220.163386329603
1247;284.767056537804
1250;310.877325010409
1255;102.225981394891
1257;506.028374185814
1258;104.07140244113
1261;54.5430177810008
1268;289.223045949417
1271;38.897082508922
1274;21.4546800745819
1278;62.6325637952663
1279;174.005584981683
1283;73.2899197951783
1285;151.11584048519
1288;56.2967460510987
1291;199.031532673314
1293;193.235706859082
1294;70.9900458154671
1296;161.771517976764
1299;186.770835283855
1300;22.4313038363461
1305;401.481087341694
1306;527.698952907659
1308;25.824682719103
1309;24.6184234387019
1313;529.549102201262
1318;91.164530741767
1319;218.983886639167
1323;163.729221884248
1327;135.204744380441
1334;200.212934470642
1336;269.620157492283
1337;67.7632978796479
1339;222.722634831573
1346;257.3617271276
1347;54.3003149714975
1351;222.925859312911
1352;15.0190367872828
1353;14.548591740923
1358;114.239529605923
1365;47.5009794534711
1366;486.492053766327
1367;142.698355595016
1372;22.4337380326305
1373;28.855274150653
1376;207.356950901819
1377;150.133221800989
1379;83.5631982529843
1387;71.9866410387493
1399;321.100905960071
1405;70.0251259172349
1407;55.8490601662724
1408;153.953238486383
1412;22.7289748493319
1414;150.058370661318
1416;95.0303099813495
1420;68.0817796903418
1422;61.6195298315454
1431;251.516023248937
1433;49.0828084738382
1434;36.6776826627322
1436;72.4159445199893
1437;336.670888263096
1438;56.3070595739011
1439;218.989519740452
1450;145.063287566678
1451;200.646982208034
1455;34.3847494744789
1457;39.912867555783
1463;80.1855387157333
1466;16.559262563657
1474;208.082470361873
1476;404.262126574425
1487;16.5901942871001
1490;172.208662185274
1492;117.2264868509
1493;86.1013950253068
1495;72.7003289291607
1499;91.3910999783201
1501;280.378561817489
1503;6.30056914848736
1504;296.817375142667
1510;49.5520940915371
1512;445.196570688965
1514;108.717015804636
1517;101.064009792875
1518;81.0172188986019
1528;286.262591752367
1533;38.9309718051649
1534;235.483391902756
1538;591.741013449163
1539;271.551196032723
1540;63.7808949060167
1542;137.155002839561
1548;197.423104762395
1549;267.013673214281
1551;29.8286774810123
1553;201.055911402851
1556;118.64435145794
1560;66.6832520048223
1566;96.0343280881548
1567;76.9013803530695
1568;119.618546346126
1571;346.707999820299
1572;16.0572208282926
1578;78.1734101677602
1582;414.643917766621
1584;204.484869575949
1590;199.964865878862
1594;54.7422478969508
1595;28.0334460263673
1602;70.298095482809
1604;34.2024416846453
1619;123.731761859289
1620;93.0702169760581
1621;64.2259520355475
1622;185.057163151269
1626;54.3675335489358
1636;41.9006121363779
1639;251.828829776064
1644;49.0292456078826
1645;108.990907439689
1649;84.9651189752471
1652;1.88799338221172
1653;104.456688007018
1656;155.165231820221
1657;83.5682366515502
1659;107.781972917537
1660;33.5930846622792
1661;79.937440977221
1664;45.3856942744482
1666;2.3027551154987
1668;398.220240643185
1669;214.791945827419
1671;25.9522286684938
1674;371.457168703979
1679;30.5053909157322
1687;279.558702042306
1694;138.900064139243
1695;16.2595638255328
1700;107.053745541232
1701;46.3078276354976
1702;554.953032583458
1703;123.474068329095
1705;220.945489297511
1708;101.652940028853
1714;88.6144683934718
1715;273.875169506339
1719;601.17633495139
1723;185.448004984164
1725;212.837880782813
1728;149.242896230055
1730;154.503753390228
1737;49.5520940915371
1739;507.338878335699
1740;225.473025415399
1743;108.208340115467
1746;305.917041936992
1747;330.752551928913
1748;4.97762657980038
1754;89.593756862094
1756;29.8626307279897
1758;22.5959494896548
1759;170.578326222792
1762;272.33339554636
1763;0.474493868883688
1764;190.191361859555
1765;130.223767676554
1766;353.888119876828
1767;322.948823109137
1771;463.577042147181
1773;240.034001915758
1775;125.790134773242
1776;35.4008698199549
1784;261.481240752823
1785;88.4206695652128
1786;239.8352568805
1792;229.235561813264
1798;264.308953490449
1803;247.062716831868
1805;88.4527814567223
1807;121.621419694162
1809;203.393317358655
1811;8.69049330319327
1812;182.628636600521
1816;225.046669348688
1817;337.353207212312
1818;64.4714892284023
1819;305.565886382567
1828;51.6694817785414
1829;69.5067001881361
1831;270.131170594352
1838;61.7768481755763
1844;36.2490216529255
1846;27.8286129718307
1849;61.2234070995835
1851;167.069005011133
1856;87.1621908240981
1857;46.4573831651896
1858;97.5322937287154
1859;349.640495686418
1860;122.545196744232
1864;302.659963322067
1866;299.196661374835
1875;82.9696810933284
1877;82.8064010709851
1879;27.0129905248292
1881;160.817091479801
1885;96.6989820153171
1886;180.604504795982
1890;26.6888260230382
1891;57.9394632581357
1892;48.15572287655
1893;120.327814822346
1896;76.4067966921683
1897;60.7350297101886
1900;53.9600651446241
1909;375.677801624312
1914;250.051461789791
1918;65.1076745275098
1922;75.9139654417371
1925;77.0897780816945
1929;44.1238257936342
1930;322.392538842528
1938;94.5535562326496
1944;279.946173865096
1954;9.86423122833335
1957;42.3119335184586
1960;422.993181421975
1961;13.3933174433215
1962;589.18571086017
1965;27.1472825936599
1971;20.4771618929499
1973;113.444811868103
1977;108.425944347391
1984;62.6303657946423
1989;201.352959067917
1991;194.52264216359
1998;50.3038478337011
1999;286.306681891314
2008;242.660303885027
2009;108.078764360693
2010;423.552089777775
2012;238.237098696944
2014;45.8061847615012
2016;75.8687832227716
2020;28.1512848570133
2026;89.9496321570197
2027;144.247284056589
2029;45.3080534697536
2031;102.471229950464
2034;10.7353279314433
2040;247.027052907321
2043;69.3084965684937
2044;367.228835584755
2045;82.8013925267758
2050;229.791468767429
2052;106.046591029808
2055;37.1038596259211
2058;93.4310218086683
2061;109.030547800748
2063;276.825107405504
2072;240.007477313403
2075;8.50239716790564
2076;130.873543724731
2078;375.138145653726
2086;26.5139612613425
2091;229.190480043826
2096;270.254551697026
2101;7.46485814900341
2102;59.8057759383363
2105;258.997301454583
2108;240.808798317248
2110;307.435928905187
2112;117.850425305408
2119;87.1473363832896
2122;557.972511833399
2123;200.302241894693
2126;45.2368861179381
2127;151.994238997153
2128;383.043798543562
2132;81.2137254713009
2133;56.2586151940337
2138;56.2439213007246
2140;105.015440574042
2142;238.897799221657
2143;373.451636878355
2150;114.945746598739
2152;221.97634079316
2156;85.2547428172279
2163;77.6499441707403
2164;154.840060895081
2165;127.344336186492
2168;179.571996292866
2171;85.3004727650553
2175;14.1632218217399
2183;60.0261234945611
2184;67.3243189034743
2188;268.611092094008
2192;62.5471282193128
2194;248.340068363073
2198;199.971650969187
2200;248.981293315578
2201;266.519621746496
2212;105.643121172222
2216;21.2385579225218
2218;244.082078263645
2219;385.717187849802
2221;12.9755537341345
2223;385.264737507761
2224;77.6283379426688
2232;192.154733485785
2233;416.412842497717
2234;42.2704176958827
2236;26.3324615080529
2250;359.995945219767
2253;172.642009278955
2257;54.5998751380769
2258;0.180201965407676
2259;65.7003475291854
2261;499.799961369831
2265;182.24965264102
2269;192.895525030021
2271;37.5045614547734
2272;49.4021559984918
2273;38.5370632724978
2275;431.072363660883
2277;84.061856024763
2278;10.6693489921306
2283;393.628995303439
2286;15.3015768351753
2294;80.0247978144485
2298;27.2520813214884
2301;273.544878205984
2308;104.925361554335
2309;316.245422583589
2313;194.480025154002
2320;296.109257059177
2321;29.2895589590112
2325;6.2787353740488
2326;73.0512303512548
2328;311.082790322857
2332;489.182629181558
2333;307.514690840462
2336;115.161117676386
2337;139.000052494063
2341;356.992631779592
2346;310.607285020877
2353;251.863641721692
2363;44.3589213153313
2365;402.112861119933
2369;48.8986416863342
2374;345.924998214571
2378;125.735606569911
2379;52.8100009709821
2382;43.4232172767599
2387;92.7740830139482
2388;74.7958804099571
2394;14.5594040195725
2396;50.3745646165767
2399;183.941573306984
2404;34.1374228608295
2409;40.0973360190882
2411;258.170928684176
2412;3.02886803846246
2414;210.796402837888
2419;129.500668363072
2422;405.422700917413
2423;134.398344388577
2424;31.6781419041231
2427;81.1699087411165
2437;214.657244142187
2442;442.174238120739
2443;498.602410586608
2445;427.239720765391
2447;305.222753897758
2453;257.641103570176
2456;46.258816239482
2458;23.9959394114984
2464;309.616562458811
2465;276.873519885715
2468;321.318257864287
2469;78.9711020691679
2470;315.558771494525
2471;67.6809819911328
2473;37.1607053274797
2477;237.342808942962
2482;357.249030848854
2486;246.432333467549
2492;15.8075783165086
2493;292.903259268698
2496;372.848682775782
2498;77.8872853819566
2500;65.7860717472459
2501;288.032773694015
2502;107.349303272676
2504;196.050956453823
2505;64.8519978059634
2509;500.471109901697
2514;31.1287410021475
2515;356.733186373721
2516;205.823854392853
2525;282.312895721201
2527;47.2825245541564
2533;20.8681947216737
2534;328.015468753733
2538;281.482778394939
2543;569.307866764213
2551;322.013083285533
2554;198.18322984343
2560;305.147813189215
2562;107.512439556481
2575;20.5272656976834
2579;120.327814822346
2580;446.423356967203
2582;194.792851636074
2583;344.803629721357
2592;39.1354183496209
2593;29.0312946155321
2599;16.0960447366528
2600;95.819496020571
2601;167.133793528576
2602;285.571472645825
2603;70.3187198027407
2607;83.6913101267705
2608;65.411256147329
2614;286.940737363194
2616;370.423903734587
2617;102.933021098834
2622;6.25264310948039
2625;13.8697682916353
2626;174.697742115356
2629;272.954361734918
2637;532.859358689611
2639;42.3515958015947
2640;241.044279535523
2645;225.555315279377
2646;113.82972289717
2649;35.4331397259963
2650;160.130366052298
2656;282.073788349809
2657;314.783953738261
2661;5.24752383920763
2669;286.983204845759
2673;523.332789684582
2675;43.2201419983387
2676;250.284873880785
2679;178.006005958214
2680;50.7186929720013
2682;80.4023786796873
2684;349.784340014498
2685;296.168010591282
2688;117.945094789113
2690;371.838836858693
2691;49.7508782950449
2692;29.2401235394106
2693;133.408883533095
2696;260.922762657489
2698;31.3313855605586
2700;190.782120477846
2704;48.43460903686
2708;245.131582248709
2711;45.0442440005401
2712;78.9276687385187
2713;11.8949062813141
2714;272.609299110017
2718;24.9947378366485
2719;50.3244816224171
2720;19.5140531591422
2721;33.3608861317299
2723;169.616036020702
2724;301.430955593884
2729;451.241436304198
2730;291.738458106813
2732;5.38667914195168
2733;366.379662562415
2741;106.118815041704
2742;233.390194923076
2744;286.245762590697
2749;357.136061938799
2750;197.679886269416
2751;12.8614829249286
2767;325.101216498398
2775;22.5185650151374
2782;16.2460199390541
2785;123.421115946495
2786;5.37267538979919
2787;18.2292652530933
2794;89.7504350842556
2795;164.132071054329
2796;33.5888028187068
2799;134.862753520005
2801;108.364811201401
2802;57.4449891094803
2804;255.881764627625
2805;279.797593495306
2808;93.6114903188866
2809;166.88372263916
2810;42.1612286361553
2812;304.983504567077
2813;324.054951766838
2824;134.184890505115
2825;195.623611665052
2836;58.9993832124785
2842;410.608848626213
2843;72.5807862980884
2845;212.716230995861
2846;102.835589922359
2850;15.9836930403062
2858;267.930442878962
2860;323.30233101441
2861;24.2015913373404
2863;15.7330710032873
2867;267.791460323012
2868;61.7708940231788
2870;81.5303477034992
2874;356.980535216707
2878;10.9300005559962
2879;112.350012727533
2880;162.595029611645
2881;225.930691507734
2882;374.882246116306
2885;64.2798564873752
2886;47.8419335503951
2893;45.9514335325565
2895;147.285366317403
2900;82.360219972393
2904;21.9804730917458
2906;62.8935713148315
2908;212.23852598366
2909;49.5520940915371
2912;55.1109345473634
2917;88.4684703433462
2919;206.516051149663
2921;53.42803235383
2922;436.588646007713
2926;287.475668346077
2929;209.418020775293
2930;379.820915396765
2934;188.015861043631
2944;579.289242611074
2953;39.4195301383185
2958;291.625918967229
2960;38.523408741783
2961;170.387735322418
2967;75.6505061466344
2968;9.71247244266009
2970;66.5261845932232
2972;78.0286644999037
2973;63.2812856793178
2974;45.3620070541866
2981;24.8959920899013
2986;218.952635070136
2987;45.6962685876914
2989;27.8286129718307
2991;45.7755853828274
2998;114.790135497601
3000;142.796614176668
3001;346.913105848187
3005;78.798395667854
3008;340.924016344758
3009;211.044347439486
3011;27.4723981866515
3012;94.8119345878866
3014;70.4305250942008
3015;201.51583682656
3016;377.654789437698
3017;46.3078276354976
3018;85.273125639678
3021;42.588858501907
3024;78.1908920039338
3026;67.9688568227535
3030;226.239653113529
3034;172.205937378377
3037;80.2412352541466
3038;297.21313100448
3041;57.3040694648975
3047;94.6433299231091
3050;312.07311252315
3052;88.7523070672603
3060;282.754541458602
3072;467.401238895449
3076;39.5194736783696
3077;29.7875241787888
3086;281.368655149742
3089;235.181976731406
3093;10.5747002837308
3095;48.7580028157151
3097;85.4786026704797
3098;12.5322544718417
3107;98.5384118299228
3113;373.192102091218
3116;373.261538809594
3119;203.234628897984
3128;341.702224678779
3131;277.729955103687
3132;572.388889504738
3133;389.504363375868
3147;197.628928503337
3148;49.711285828193
3149;302.138278053347
3150;38.975362188466
3151;67.6670336214383
3157;268.101714676444
3158;11.231574208787
3159;79.2857779815329
3164;84.0877079861628
3166;39.4251760235518
3168;80.5045176459935
3170;312.297755592073
3174;119.330722601907
3176;302.387332255737
3180;349.129343421739
3193;280.239440940898
3197;234.629936818039
3198;63.7643989145743
3201;262.119563168626
3206;9.33460572372711
3207;117.279932887183
3219;11.11090252085
3222;64.709291296732
3223;44.968477144092
3232;28.1764479487376
3234;10.5997310450698
3238;108.252449657674
3240;110.727248886836
3244;52.9026118413357
3249;365.778554502004
3258;302.751276489
3262;115.071993256012
3268;296.659147604257
3270;291.217595079372
3272;266.752714784463
3280;120.002176902183
3287;282.155238151329
3288;100.471060365033
3293;202.109052156487
3294;130.890558047218
3295;210.266625770414
3299;121.267094528881
3302;229.789246305554
3304;138.84147928594
3306;89.7192119482422
3307;8.91600736072304
3314;348.058164225582
3315;9.89549650107479
3319;31.4842379937713
3320;228.027664921995
3324;60.4368941700191
3326;186.93912458149
3331;275.49566920468
3335;30.1555506643922
3341;249.975063577225
3344;21.292077809556
3349;289.892356550249
3356;103.020045638475
3361;367.41065187548
3362;78.9646312554157
3363;59.2056508433239
3366;8.2046235934932
3369;39.1119968712085
3370;234.313147490187
3374;152.057893512799
3376;117.936946105253
3377;251.330474508898
3379;275.366893481381
3381;39.5922445246374
3383;371.392868765648
3385;36.3349606906533
3386;29.3055309479619
3387;86.1375496198881
3391;120.269359020061
3393;550.00121163743
3396;9.87307095634275
3403;343.643227438773
3406;262.031337049508
3407;89.6324207380604
3412;370.60149618171
3418;97.7596927043491
3426;138.828962226797
3430;65.8246491876738
3432;80.3878601457549
3434;99.7235206704159
3439;345.660850393427
3441;174.849417112034
3450;303.011449605186
3451;234.174046192005
3456;60.1195514846701
3460;123.882081630789
3461;406.194211190567
3464;354.396591745036
3473;91.4943886129387
3474;59.7361681670197
3476;46.2558789650442
3485;312.105442232949
3487;218.166080578793
3490;99.403434253761
3508;309.366909367107
3512;46.6475092705546
3513;218.489464829674
3514;385.368114268725
3519;341.127272398662
3521;180.830353664364
3533;336.670888263096
3537;142.406253885865
3545;99.3742884095151
3548;100.615234412129
3550;192.453885986205
3553;46.1294768904494
3567;156.389748640804
3571;420.938893502269
3587;311.393036821358
3595;316.176501540624
3601;289.418710390593
3603;289.483143606986
3606;274.253887742838
3614;284.331608707669
3616;260.922762657489
3617;34.1199645218865
3618;145.546927180959
3622;17.3935290551771
3626;20.7328648179137
3627;110.853178951373
3635;28.5577168650995
3636;63.3050184759672
3637;132.633707138976
3640;30.2595243958488
3641;87.3809581187643
3645;94.4276762047878
3652;274.937796593454
3656;206.09700635778
3658;100.715224633152
3659;156.732964479527
3666;190.568504516536
3668;384.865694514313
3671;85.3681476265832
3675;268.155225412777
3680;240.267092795682
3689;104.980503061673
3692;259.967069059152
3696;126.202976516566
3701;283.756717354401
3705;119.542635648396
3706;291.791445041884
3709;401.975500085787
3710;66.4480948676391
3716;39.8436470008032
3721;62.6473626488177
3724;32.8990364764193
3726;88.2444843269827
3732;46.7817378307707
3735;22.4647628208709
3746;121.75750812318
3747;375.764447068313
3751;37.2830234372408
3752;220.017825474374
3753;82.8159071900242
3756;50.9753480263764
3762;361.533408122034
3763;30.6183735569672
3772;98.0238727808582
3775;139.980687864517
3776;103.711083634057
3783;367.018538512242
3785;8.11007168621878
3787;207.631116868506
3790;235.174624279873
3798;503.003167619343
3800;212.430069364597
3803;62.4967562865541
3804;145.097241222698
3806;61.6615608720876
3808;381.616828716445
3809;305.463990226212
3810;16.2595638255328
3814;28.7989758079315
3817;228.670667157817
3818;94.3076684313665
3826;397.85747256306
3829;358.966259199882
3832;265.408676188081
3834;69.2035463907563
3835;51.7371049810119
3837;237.93672962235
3843;301.94733161242
3852;30.9557260666457
3856;329.582817117513
3860;74.5604016170099
3862;363.447874051027
3863;92.9872667725706
3870;213.920023084452
3876;61.2812086330595
3880;17.4935910672956
3890;43.3004401266069
3898;240.267092795682
3905;46.4573831651896
3914;22.6085134789092
3917;75.1109371247524
3920;238.425278369364
3922;64.6120679188834
3928;497.29865435241
3930;457.600723819719
3934;175.159642537509
3935;49.858320625522
3939;136.555524321399
3955;19.4236041843874
3958;384.566772172974
3959;68.6496597785932
3960;61.4737556754371
3968;50.3269875058794
3969;380.243868526693
3970;100.996747948667
3973;42.6497946721795
3974;232.347932049605
3975;244.352175077343
3981;227.228525853364
3983;311.60419282158
3993;45.3058942748577
3996;87.5846311257231
3997;325.078586140694
4000;355.092858478021
4007;220.465511197488
4010;251.996657260047
4021;88.0051313893399
4032;7.18406316447279
4034;48.4697720405292
4035;292.073041251298
4037;203.644225364895
4038;228.506870325733
4044;289.937073917247
4047;369.660770708771
4049;55.2059621476469
4052;38.7359993346631
4054;217.561859557514
4055;60.0974714540187
4056;69.8912790284232
4058;141.871970297101
4059;47.0842980056375
4061;84.3017709545385
4062;410.990760562359
4067;274.967780951126
4069;305.842772245097
4075;66.0329543514742
4082;128.738174467202
4086;141.236805228968
4087;175.51176943681
4089;49.0828084738382
4093;72.7640633267377
4097;216.697440558659
4103;305.110787948115
4104;79.9733615766836
4111;21.3243624308275
4112;6.06284876784149
4117;27.4723981866515
4119;418.754112274885
4122;171.531848534373
4124;54.9218895291176
4126;80.8519168934637
4128;180.45381926878
4132;16.3305049173376
4135;36.2608396694001
4137;20.1568878840669
4143;43.9433952904621
4148;312.938367401198
4150;47.3995508427882
4151;166.530170923672
4155;354.97140481033
4156;64.3604724369672
4157;351.116740293617
4163;356.501169688645
4165;375.228863207045
4166;296.328593782248
4167;73.7308270068881
4169;197.693598038317
4178;324.143729104331
4179;456.142554732481
4189;260.459063633878
4190;194.487838538218
4205;226.86254546218
4209;28.855274150653
4212;52.6563958402544
4215;35.4865693447998
4217;137.130025051208
4219;467.914270186722
4222;115.774771084897
4230;101.578611303734
4237;70.4355874874677
4248;352.65492838692
4253;422.584160178648
4268;280.78173199799
4269;462.177363204759
4279;492.541877945419
4281;114.962478531325
4284;183.21315617937
4287;134.942301299528
4290;98.3321271289282
4296;191.603336645645
4300;39.1528065924022
4304;259.490553702403
4305;98.4709366045492
4310;152.403385474572
4316;149.212015460038
4317;49.9405671459181
4319;69.8206162283507
4320;241.133718900008
4324;15.4000862413339
4327;26.8765119129971
4328;19.5709089288733
4335;103.664955223912
4340;481.54448096846
4341;8.67353777821898
4347;161.342757215663
4349;70.5234416955182
4353;3.74889431713967
4355;61.69210071413
4357;42.6054170793939
4358;50.9838395434929
4361;91.2902714865406
4363;26.2255674775607
4364;427.787199475252
4370;56.2269013087167
4374;101.48819344788
4376;105.794544756951
4378;91.3229616588674
4379;225.995235428366
4380;35.8979309015637
4383;267.497773655031
4385;257.379796449244
4387;239.982747865024
4390;349.008429635184
4392;59.8043625489055
4393;59.6856513293352
4396;112.426975403638
4402;297.577495870926
4408;42.3097001257888
4410;170.937320507288
4416;74.5852821793655
4417;234.863082843538
4418;95.7232571334766
4419;426.702996292472
4425;49.0519303837284
4429;193.933754830065
4430;525.050680085254
4431;1.88799338221172
4433;199.296355009818
4437;87.5846311257231
4439;245.055584297509
4440;252.878168216075
4442;68.4186633440636
4443;73.0846444222993
4445;568.157866112737
4448;443.610920848773
4450;75.5900740881633
4452;306.405929216944
4456;139.336263230094
4461;44.3742239805907
4463;293.382569788726
4468;254.97314598317
4473;257.17516053568
4476;539.437494977396
4481;120.919731795176
4486;30.8868224919531
4490;159.566054151428
4493;415.188373225524
4501;147.660965256787
4504;428.970751188437
4505;293.827307143098
4507;24.1973207048441
4511;200.158799069091
4512;398.046191645721
4514;85.7061386705243
4516;92.1489348863729
4520;73.7308158872122
4521;305.762318591388
4524;36.8787464435994
4525;48.3156220248287
4527;78.8490996100992
4531;308.236327854094
4532;376.225026664738
4533;118.741991931231
4539;71.3702155618225
4541;134.59299490437
4544;238.070894221283
4546;515.539031167289
4547;302.855084410637
4548;337.86789456347
4550;105.004221178331
4552;269.385652546083
4555;505.193580169795
4559;45.3825233970006
4561;36.5157656554208
4563;237.969390879154
4564;537.041786103141
4566;76.2505679956357
4573;112.152557077695
4574;81.5115209117553
4578;42.5410220875791
4579;106.84121352397
4583;358.42087689592
4584;16.3388595194772
4585;28.0779946464209
4588;210.956978632284
4597;12.9048629677087
4600;54.3473942445058
4601;162.896122931186
4603;214.973219719767
4606;107.04456650611
4607;88.2524912873499
4609;281.368655149742
4611;47.3017215962823
4612;408.802798644731
4615;77.2269111400845
4628;87.7712994339762
4632;361.680230946102
4633;311.969090222404
4639;29.7353555447477
4640;392.597901453301
4642;75.0278699090359
4645;70.5138873091519
4646;366.719737365645
4647;45.8678003211455
4650;248.671180640072
4653;85.6073653218202
4655;240.877170440507
4656;106.060423308776
4659;87.8002960445536
4661;60.4334355369305
4664;82.0523028352287
4665;128.425155921388
4668;73.3772264461693
4670;149.47493600135
4674;413.762917128332
4676;341.643541287716
4679;94.774300969401
4680;279.786617364598
4685;75.1862200278476
4686;56.5557505798885
4689;125.823865669509
4692;91.9052770351621
4698;59.9572997726449
4699;269.903476447164
4703;123.983938622811
4704;249.513474828455
4708;24.2921130806224
4710;260.541750638657
4712;106.241050019234
4715;349.412977871899
4716;100.800166143064
4721;183.958205131379
4722;333.871850808174
4724;267.179089788012
4732;172.59351275442
4742;360.097378812829
4744;97.2634198257959
4747;566.936244776078
4748;88.7260657617388
4749;232.699546152264
4750;139.594511489248
4757;40.8767705833519
4760;35.8289962795406
4765;121.230852587342
4766;46.6641323872424
4767;242.646293693721
4769;135.321269392802
4772;355.929942843973
4774;219.828257540991
4779;217.110674244099
4780;260.738905394505
4781;199.57996397787
4782;550.509212642891
4811;89.6440308451803
4813;12.7282457749068
4818;175.623570012405
4823;3.02886803846246
4833;395.799627332404
4834;240.78186503654
4836;138.807136854725
4837;54.9219338893557
4838;76.9248507560249
4839;282.346759822205
4841;216.527659454321
4843;263.972470126094
4845;296.700908324412
4850;335.783497311983
4851;91.0128393614618
4853;73.0245532455587
4855;301.498398200273
4857;73.1491981490947
4861;17.0471538914698
4862;317.664004392425
4876;67.1916485030381
4877;50.6123296429256
4879;328.730733647432
4880;389.723713291136
4881;280.914808879208
4887;84.7008952365731
4889;56.7221125965439
4903;270.766553886604
4904;58.9365546278116
4911;198.039447159337
4918;121.280185747547
4919;310.717686723757
4925;229.059569434201
4929;58.5190272337243
4932;31.4087459183193
4937;321.773706521755
4940;12.8953093705153
4942;190.162440956487
4945;52.4685880072985
4954;339.593253815734
4964;208.84028398824
4974;125.40421510463
4975;30.8349296710683
4976;69.9513685057843
4978;122.259583507004
4981;321.152248767323
4983;350.477767539788
4985;191.086784889871
4987;157.747579553821
4996;50.4553023544029
5000;143.331302474801
5002;449.611746143772
5005;497.747473398985
5006;259.859214532331
5007;178.829915690758
5010;118.574459849125
5011;223.070385951367
5012;156.88730030277
5016;143.422863066365
5019;87.5196523574765
5022;249.600833919778
5028;113.116616005115
5033;65.8119084523241
5034;62.3019187546563
5035;71.3340199902816
5036;124.058838207569
5040;82.2941903957087
5043;58.7829683653813
5045;124.512756310074
5047;102.295880910925
5058;106.837889612625
5059;39.4494472008251
5060;31.0612162551612
5061;347.105284158034
5064;135.250960177112
5065;218.412151682509
5066;228.735982992698
5067;176.642191334237
5069;585.744381683298
5075;56.5557505798885
5077;49.8512800878424
5080;20.0205753556469
5081;44.9113098396663
5083;8.39757136844457
5084;9.16360817149262
5086;116.973161109017
5087;362.019777384326
5088;38.8364921017167
5092;317.144486339947
5096;201.422956374291
5098;119.418474513902
5111;41.2053628050805
5114;25.6786035161648
5116;367.53008050034
5119;235.965187250045
5123;369.224683258821
5128;286.144809185713
5131;315.166070880973
5137;266.080607744657
5138;80.7455172745292
5142;259.666460153784
5144;195.448213201912
5148;30.3811957740149
5150;301.477249180396
5156;235.082165307712
5161;344.778968044691
5162;209.424964290193
5165;33.2227096795053
5167;57.9213782751297
5170;5.3974234934807
5172;181.942937607911
5174;322.284673197202
5178;227.905169241795
5182;116.518606289856
5183;11.8377775175312
5196;234.283943283509
5197;237.854904967496
5198;282.073788349809
5202;53.8052205439366
5206;72.2598262296832
5210;243.957254299798
5211;75.255865968509
5220;134.628262146602
5228;15.0896214446802
5233;188.190629300797
5238;564.491977413056
5243;288.708439596897
5244;237.699116503982
5250;228.877644505995
5261;12.8316875280104
5263;278.511744808383
5272;231.064282918126
5274;33.6523795711146
5276;450.088285918363
5277;24.9511649128953
5280;71.955503911802
5282;187.306431591933
5283;301.066046974864
5284;83.5369897044665
5290;370.305626145869
5291;81.2219235697768
5293;160.072776443042
5295;87.9104081912231
5299;128.745154517844
5304;403.370650590818
5305;159.927655020594
5306;223.681465098396
5307;70.7694934588213
5308;183.143815936803
5311;425.799763481453
5312;35.915649577089
5316;37.6126830164697
5318;363.768440786436
5328;55.7539960209644
5331;11.3197489394313
5340;422.326748534072
5341;47.919040374733
5343;321.766580675312
5350;35.5649393837541
5353;287.500013670272
5363;192.671411600213
5364;396.627478992428
5369;26.4532136633086
5372;148.981775052884
5377;69.6592215276278
5378;65.6016020298394
5385;81.6473065242058
5388;46.8360813932999
5389;123.790253226759
5392;77.8354953983487
5397;109.113092258288
5398;410.948879655147
5402;468.368435977067
5403;45.2299986228976
5409;39.4251760235518
5412;53.7543759861784
5414;25.6939474213153
5418;41.8345421269617
5421;326.327708615891
5422;62.6624892551984
5424;121.496185107994
5427;9.29910023959734
5428;474.055975592041
5431;53.8131935810388
5435;272.737281005941
5436;146.919354297075
5441;421.048313365122
5443;352.809004169584
5448;86.0115350757222
5449;145.755190814335
5454;105.294972806306
5461;293.428420741558
5462;26.6888260230382
5464;20.0885244014123
5466;374.417901861929
5471;68.579389156285
5473;96.9065725395571
5485;141.79021771531
5495;55.0859244556097
5496;79.8076141082426
5499;465.203415124816
5500;46.0674877737166
5504;370.836850622464
5509;25.4594510003083
5512;35.8325612433285
5515;494.696696531376
5516;53.7547872850498
5517;288.054327157401
5524;467.264758260626
5525;226.124554562226
5527;124.741309267291
5532;13.8417212630071
5542;244.051737601464
5545;18.0610322916835
5546;217.555109666408
5549;204.139150355462
5552;179.750270577127
5553;22.229670495115
5561;257.114864230528
5563;2.0829289936374
5569;21.234320853103
5571;94.0380019309816
5576;131.612619638078
5580;132.951620351386
5584;7.92702608226486
5586;93.4992677191417
5591;35.915649577089
5593;237.478254856104
5602;38.0366022186031
5606;9.21324947353152
5617;14.1519807045191
5619;93.4749251499305
5620;193.424791312421
5622;113.201941080659
5625;450.543725889153
5627;69.3741111881
5630;69.1516062272998
5631;225.268306963157
5636;41.8114798202372
5640;43.5912547546845
5641;337.678076639613
5647;257.138243087357
5655;296.321658795667
5663;336.8315065861
5667;381.422667397593
5670;30.4576982641532
5675;305.110787948115
5683;86.0570526241377
5685;357.289015810337
5692;101.204416873963
5698;375.836706756769
5702;75.6505061466344
5705;96.5963649057388
5708;37.8323750386865
5711;102.027517440518
5713;348.565669156328
5714;219.312405595942
5717;92.7898557164878
5725;79.5913528695631
5726;285.912462994823
5729;27.5454523704375
5735;316.064240358587
5739;28.7606634107056
5741;90.4300286478502
5743;69.5067001881361
5744;206.059294829132
5752;21.5224816345707
5753;365.352510921359
5760;400.286698724655
5765;69.313215633315
5770;190.775756554665
5772;504.295744883184
5773;399.003808859791
5774;268.96707694742
5776;290.548959389823
5779;111.232223727488
5780;305.053805815175
5782;49.7343365571427
5790;72.4566865592464
5791;105.995402442438
5792;181.003011895989
5794;97.110628138897
5801;231.888678937695
5808;77.2367268680682
5809;146.655019806631
5811;22.5344571245272
5814;67.4187509841647
5817;129.465244674248
5819;133.097981015326
5826;270.807870257139
5832;271.098951996207
5833;305.745683517898
5834;101.867378657989
5837;176.95334127219
5841;242.873446614608
5843;39.335748941849
5844;164.452580121956
5847;530.175490298653
5854;40.8387078145167
5857;206.24021602306
5862;183.011756256761
5868;81.2943436154957
5873;18.8840312748598
5881;44.4083598636664
5882;84.5527030505338
5883;19.5904120463444
5887;63.887515822139
5894;339.965738228665
5900;53.6118937719841
5903;64.1033135317412
5907;554.885122597624
5908;14.4597567635189
5909;33.0375775254306
5913;134.670848114869
5914;289.639813416805
5917;368.191428983116
5921;380.777835778385
5923;235.082165307712
5925;331.510698313657
5926;93.1791615772145
5932;116.900496487745
5936;198.595697881162
5937;25.3905345471922
5938;184.368509737319
5940;41.2274869470319
5943;196.26256270166
5946;275.801651577575
5953;284.784107461764
5957;49.9896987166849
5958;205.899463451879
5963;54.6073176613073
5968;89.5650242007507
5972;353.005328334428
5977;318.049536260356
5981;78.9091120267261
5983;160.31005249802
5984;16.9988922713301
5987;32.3905793814001
5990;32.0289018183854
5992;235.751053229793
5993;61.0603145167526
5999;455.798115844805
6000;281.482405479699
6002;86.6916931594142
6003;33.2284772150807
6006;381.283223384483
6016;391.638771595393
6021;34.3107003238294
6024;5.77115910365814
6031;304.928357059689
6032;101.889569856408
6039;53.2875612867155
6042;93.4310218086683
6043;429.149359007969
6047;53.4677779117522
6049;164.921035450159
6051;240.321334546223
6052;245.500170652004
6056;547.637401322202
6063;112.118097185549
6064;24.2396961397404
6065;107.007180391235
6067;384.372581311932
6070;80.7189247208202
6071;31.0185844699102
6075;69.8726200325104
6084;45.4853383988434
6085;57.4837829984713
6091;275.938874639557
6093;145.109016729566
6098;95.6510662582182
6101;332.509914400773
6104;377.131156062054
6106;257.65466602869
6110;75.9355134833545
6113;101.263069266791
6115;289.521315855022
6117;24.2123577977172
6118;35.1662317770529
6123;46.1224965102981
6125;63.1824237486476
6135;94.6922443561989
6137;348.031002837532
6142;14.5871107711672
6144;297.454878055068
6146;217.310841618808
6153;61.1859862012139
6156;47.0531676950656
6158;104.229696399957
6161;233.746807050516
6163;128.88630314974
6165;213.814607930151
6168;73.3979509639295
6169;15.5453170797043
6171;10.6859101176595
6173;261.485055909741
6175;36.58279743294
6178;193.239777192136
6180;85.5306936942851
6184;542.165704064968
6185;34.1068884161061
6188;67.2181569053611
6189;68.6899949157116
6196;99.9967284470571
6200;121.110131648102
6201;7.71063406183251
6208;141.044090166441
6212;62.4071914220591
6215;380.566128498081
6218;66.4827839984985
6220;399.934336288729
6221;35.2300595885094
6222;275.184064499396
6224;314.806825316551
6240;343.895735034467
6242;275.697674583078
6244;181.881547338745
6247;95.1104003812162
6249;383.842730279555
6251;44.7103803770681
6252;219.662736162321
6253;456.627443572772
6255;262.437130190397
6256;258.356833430582
6258;37.8353167846999
6259;202.351874414128
6261;162.77018587409
6265;427.255779425529
6275;188.461131533941
6284;75.7441626984532
6290;91.7559701014847
6292;294.0319926065
6295;258.571333269504
6300;61.5589919296927
6302;39.563266847585
6303;186.816814662671
6318;35.32579935001
6320;34.8571264490217
6324;57.8656384672142
6325;50.6298801739802
6328;45.2108859551647
6329;71.8412167207547
6332;6.41079956595578
6333;226.50580167099
6334;27.4723981866515
6335;196.559556485577
6338;24.2576484598804
6341;429.726504861885
6349;364.435603840285
6352;95.1330882117216
6356;187.721378412335
6361;186.211545704821
6362;240.165996785573
6363;113.897194681277
6369;150.648446233353
6372;408.802384022285
6373;249.832105543329
6376;99.1335616568359
6381;11.299431294451
6384;257.287835684508
6387;312.414497572673
6389;367.53619798087
6392;246.794686849625
6400;16.1041399268543
6403;7.92702608226486
6405;213.708130011462
6406;91.9965990744973
6413;104.278459185623
6415;283.35667303573
6417;233.220983932524
6419;318.850842298595
6420;93.5671081493218
6422;271.446217499821
6423;383.737475145172
6424;165.543930760809
6425;525.987687829567
6429;19.1790686621932
6431;55.7817884054966
6432;64.5964197193837
6433;65.7790737393733
6435;54.5430177810008
6436;289.69608364157
6439;99.64591035211
6441;3.94550679288976
6445;77.0652124118235
6449;240.710381118807
6456;121.651792497121
6462;42.588858501907
6464;69.313215633315
6466;88.0764848526095
6469;301.255351495631
6474;146.090802474414
6483;512.764557369561
6487;164.357536338811
6489;379.720186393516
6492;73.5322381362582
6498;62.1922441768787
6499;393.282712782869
6504;237.701385592254
6510;53.5011585931773
6511;74.2565041707886
6513;22.5021233137864
6517;14.9582430951796
6527;25.8344551557046
6529;109.598813322852
6532;195.658262719647
6533;99.3467201850218
6539;97.1833038668407
6541;5.00000104723524
6545;244.380275372805
6550;119.356391485684
6555;71.2955881974635
6558;364.950763632644
6560;91.5852991691125
6564;281.351768309594
6570;53.6308838803982
6573;154.840060895081
6582;234.491694361277
6583;290.166692179192
6585;136.727899734177
6587;75.2493212583568
6588;73.2968516753862
6589;146.775459846709
6599;15.3015768351753
6601;99.3583806031846
6605;28.5666708401556
6609;117.359735010285
6611;35.0029947207223
6615;333.647557884618
6621;99.0511736524338
6626;37.250406158774
6629;145.122110393334
6632;326.825402089232
6637;180.283631404978
6644;372.015311249182
6645;266.251120435966
6647;75.2072459426062
6650;119.623495293556
6654;376.777998999528
6656;59.4879512437731
6658;92.6775366926744
6667;105.519090350515
6671;423.164842133978
6674;83.0914430772478
6683;56.2269013087167
6685;89.1343547415444
6686;380.310256253743
6691;38.0711579811652
6692;74.1638794470262
6694;144.889294078199
6695;171.640868078867
6704;205.38041098453
6706;301.557936601821
6707;53.7177856624179
6709;101.294727720309
6718;93.694204480614
6719;350.136486439284
6723;400.318366005618
6744;220.693224164961
6750;400.316641900703
6751;122.158039335404
6754;17.0475075881318
6756;100.615234412129
6759;100.129240047485
6760;36.206178797112
6763;33.7841803589988
6764;62.4071914220591
6765;89.1437572324357
6776;149.05949432822
6778;306.744456934328
6782;55.7290565265314
6787;207.079858378925
6790;10.3834140837523
6792;124.512756310074
6799;181.929029513674
6801;180.384537219176
6803;56.7903286117132
6809;278.31725861595
6815;277.873236475414
6816;359.175938673992
6818;279.182719028728
6825;23.9273161962722
6826;109.594802006501
6827;272.10133681006
6835;349.161733383015
6846;51.8979110030294
6852;89.4461810657346
6855;132.404388457887
6858;37.4585874084955
6860;310.543941736682
6864;509.582180165379
6865;307.831396040479
6866;72.7929240704902
6867;138.498466729074
6870;17.4074429694536
6872;121.89409492946
6898;402.221236067355
6900;37.2527625430582
6904;46.2796173557243
6909;17.462469325205
6910;144.540674244647
6912;351.268853200088
6913;119.788426738695
6917;120.726248737846
6918;101.908057111112
6919;190.011025707603
6924;54.39618355725
6927;56.1315908687412
6929;276.309509956659
6931;224.708894804889
6933;84.4861167751589
6934;40.529651285629
6946;56.9671300374411
6947;164.508491701361
6948;49.5769980274892
6949;293.520634289669
6950;328.153603583616
6954;66.8068028230337
6958;317.943209244667
6968;26.7851944674438
6981;17.0460313270524
6983;58.5928919969439
6984;3.68588457206583
6985;271.78831577001
6987;316.095970709811
6991;71.5352703006595
6993;147.451444321159
6996;317.426065141207
6999;237.412877298806
7001;9.59927021992675
7002;18.026698526751
7007;238.681162498771
7012;88.9026848535134
7019;413.480892271898
7022;38.1169371117936
7023;33.7525265675625
7025;429.577063968218
7039;48.1528583760022
7043;370.837791210865
7045;110.999520142141
7051;334.652186953829
7053;74.4722469613891
7055;66.9731280975163
7061;93.5681399829835
7064;30.4424128694442
7066;383.36816438317
7068;103.878487090418
7069;245.79304397986
7070;68.2269188896648
7075;16.6229549185412
7078;405.776925956867
7080;61.8240506895705
7082;31.3771846536741
7085;60.7886865380056
7092;94.9854885887236
7093;63.8611050680205
7096;17.3054846140686
7097;164.207565318427
7098;17.9649429677987
7100;88.2675638317877
7112;155.148981575547
7113;470.788313656431
7117;101.48554105248
7120;566.548391086042
7123;326.04803851753
7126;390.258840137204
7129;75.8507100675663
7131;174.303538946159
7132;362.249007244362
7135;286.213986316776
7137;42.9943255879211
7141;1.24772752432619
7142;105.51072385286
7145;86.602121379295
7150;80.7731903643526
7158;34.7649784617131
7164;275.776645691188
7169;189.38407544168
7170;9.83050640372228
7171;157.001518750105
7173;53.5284013113092
7179;46.8907462296617
7183;9.37271808336698
7184;204.350033244822
7188;85.1306070343292
7189;69.6434772461884
7190;74.7694572164844
7194;94.7004389156058
7196;375.04304302735
7199;72.537059986354
7203;19.7516192820065
7208;311.991927151917
7209;0.383437788742764
7213;86.9069982536189
7217;78.4010343664219
7222;95.6451190514086
7224;269.697647081378
7225;72.6526274276744
7226;56.1082514897673
7227;180.446779667428
7234;97.245971968954
7236;12.1111147894644
7243;247.594577254461
7245;14.020683615512
7249;389.185267039079
7251;128.859030525926
7259;226.344316319036
7260;350.103014600458
7266;257.826101711923
7268;260.9746850475
7275;160.099365161675
7277;288.672861586169
7278;73.1491981490947
7281;0.039338728142799
7282;239.541579654857
7288;93.1420216850973
7289;301.274360507619
7293;313.423811149971
7304;518.352577695106
7305;44.5131671297995
7306;100.484844640124
7312;28.5834270668103
7317;135.093485752032
7318;70.7238896564273
7319;21.8184638010442
7324;356.870741991743
7325;86.6529788640403
7328;188.895447881281
7329;330.326361273398
7337;90.0619200462476
7339;115.897912467524
7341;273.743682067483
7343;245.836296604441
7345;153.913190669865
7346;38.6191177490144
7349;48.4581606756365
7351;305.85177680468
7353;81.3175612450114
7356;211.013943493025
7358;280.542458810304
7360;35.9301286702799
7361;38.1169371117936
7362;284.554868848679
7364;89.0333340415725
7365;375.662429301045
7369;72.7376771973341
7370;247.371145554003
7371;373.674103644211
7374;257.274945366381
7377;420.802400888133
7378;32.6140812678764
7380;91.2645505470968
7382;180.239052256275
7391;231.08825728662
7392;407.11117640006
7393;14.7150115665012
7394;149.926632626852
7395;213.038353999853
7398;277.349021066537
7400;88.0878375160441
7405;67.3881522761824
7406;271.120511450001
7410;376.122543253148
7413;57.6503040302391
7418;33.2102704805355
7427;257.517235356746
7429;307.775013529984
7437;131.352560285149
7439;58.5519751545731
7440;226.314463525625
7441;91.2568997869584
7448;271.239478363056
7453;8.13521392440265
7454;67.6990257130961
7456;292.676253125557
7460;198.697680787101
7461;134.160422515355
7468;10.0561555077102
7469;29.7358775161562
7470;357.649021151386
7471;200.138109877927
7473;326.440933209608
7485;281.190834584037
7494;265.685981605272
7502;109.642894726312
7503;128.670727080164
7505;81.6825285605924
7506;33.7218950048602
7510;0.489117819524979
7513;333.896151122118
7517;81.5493632653352
7525;326.600508058199
7528;294.01219685677
7531;14.7308022058902
7540;17.1150167499472
7544;194.480025154002
7546;238.62057005303
7552;119.027878749154
7554;359.167797436975
7560;217.963283494767
7566;9.53595123270743
7571;114.785981923913
7573;174.861938962843
7575;542.958343947246
7576;70.5468282274294
7579;76.0219217873639
7580;201.330909589534
7583;368.233683625877
7588;52.871337664643
7592;225.437893681446
7594;107.353106926443
7595;104.494878459859
7596;90.5413169977083
7600;328.187740900213
7603;59.2585723370081
7607;35.32579935001
7608;193.370186903121
7610;49.2315443870864
7612;31.0473057155255
7613;357.12138969919
7617;124.464704799758
7621;52.650563470657
7624;374.285881924938
7625;91.3229616588674
7628;32.8990364764193
7629;515.240604127768
7631;592.815766062149
7637;86.8210343442031
7649;14.4816335212422
7654;98.8284855918157
7667;424.366735326988
7668;353.112294753133
7672;159.624484231154
7676;257.092325521995
7679;188.027567343928
7682;97.8841407661833
7686;18.026698526751
7689;235.982379028688
7693;22.4313038363461
7694;253.603106987126
7695;230.378507678303
7699;16.314971360308
7703;59.401334463406
7706;14.3385432933751
7707;59.4470767320159
7709;84.0576195702805
7710;331.324012597834
7713;164.517520639864
7714;4.60218310967376
7716;63.0704655461992
7723;134.613149101137
7725;243.149114042437
7726;61.9500058837151
7737;94.7864562960778
7744;74.7717777317589
7745;209.058716460254
7746;353.209436154054
7752;293.839233538809
7754;360.404149720309
7755;47.8498130981991
7756;76.2307214160364
7757;280.109326284062
7759;128.221873436089
7760;44.4781007271698
7762;209.88145107757
7763;96.8725503725381
7766;80.5706523228653
7767;66.1706724296389
7769;67.6567335558411
7770;147.89940561016
7780;252.227394901019
7788;297.471729727932
7790;353.861062591381
7791;387.600165397994
7797;64.0244350879538
7798;69.2534080076737
7800;207.564877825582
7801;29.1459919891259
7807;61.3851328353833
7808;112.560272681707
7816;181.275162020728
7818;182.09053303729
7820;3.85072528563737
7822;359.491680933155
7829;223.62473769357
7835;267.80020008137
7839;85.1741073555045
7845;596.763790754159
7846;94.1236592957735
7862;232.884702926771
7867;14.1434014021424
7868;466.997061234389
7872;358.17458352659
7874;324.379806954638
7875;10.0857433193718
7877;206.152322738958
7878;213.667423081991
7879;86.0942547312648
7880;161.462929742667
7884;204.041002797357
7885;186.48456241382
7888;31.1287410021475
7894;377.992368157312
7899;45.3340458968882
7903;5.80378290247478
7905;15.0926531836812
7908;11.3170556858396
7914;84.0396525468747
7918;69.0184293538786
7925;204.978354928658
7926;139.317258421252
7930;552.325627797213
7931;189.745011518786
7932;112.289531318999
7936;17.2321012668269
7942;68.7019164402439
7945;11.299431294451
7947;31.8879579232613
7954;429.974096395051
7956;99.7497737569553
7960;17.5553593796873
7961;359.06232629449
7962;72.7296364290261
7965;330.449117908034
7968;28.6262107422383
7970;10.5467889609911
7971;20.8681947216737
7976;53.6308838803982
7978;82.5373133957369
7982;269.005813687865
7983;291.158499500385
7984;73.1305179813998
7992;81.920173925725
7995;554.535749256266
7999;385.085256500171
8002;20.7060307337157
8003;247.57786182244
8007;121.627814310355
8008;321.401548054249
8012;439.520562629158
8014;101.316351143641
8022;49.7821883219231
8031;241.044279535523
8034;91.5700353716378
8040;365.368973245596
8041;1.5004328030819
8050;262.242100344606
8051;19.2989754945248
8053;355.767029238989
8057;16.1041399268543
8059;329.724459997441
8067;22.0779416190039
8068;234.275740701115
8070;77.4488276376592
8073;312.27452464043
8077;271.416173109409
8081;210.355703365887
8082;348.743308584033
8083;87.2416835530535
8091;352.89235199199
8094;5.3974234934807
8097;28.855274150653
8099;67.221301874951
8102;513.464372425243
8110;479.957254798001
8115;87.557417758047
8128;31.3746493498737
8131;61.4932349286962
8134;24.2214357781643
8135;76.9013803530695
8137;126.2077437724
8142;89.6823903920443
8144;24.8848376234762
8157;215.029560898547
8159;71.0998212952685
8161;167.348454759924
8165;279.558702042306
8166;40.0559170863458
8169;195.859817648802
8172;78.5810595723713
8173;443.108225746829
8182;78.2642268961408
8184;65.4280655189661
8185;399.862262255482
8187;526.442070978999
8188;273.134126322644
8196;269.351945169512
8197;119.837446602778
8200;133.401534612007
8204;145.408368750819
8206;48.5835197841438
8211;405.509270968477
8221;50.5826772801716
8226;12.9048629677087
8227;168.708731074395
8232;200.20556675447
8233;575.064239660337
8238;71.9959160522604
8244;326.172127944295
8248;104.45112164501
8250;14.7234436211021
8257;217.60568232379
8258;409.754818222173
8259;37.9853267602229
8260;522.339369124187
8264;132.121969969462
8266;146.301896973191
8272;73.335857265667
8275;99.8262731399069
8281;259.458777801842
8285;98.3838205957882
8290;76.4585172290144
8295;170.008465754596
8297;184.985329036137
8298;368.378780259011
8300;361.781829954917
8305;20.0023783227495
8318;85.1837880801765
8319;430.431892061702
8320;115.49446160673
8324;36.8569088786892
8329;110.283129100611
8331;57.2050681626724
8332;113.417204499862
8333;73.2461045028532
8337;12.498585397572
8340;56.1309517493301
8345;143.875517254983
8347;19.7791077306123
8359;255.069057995027
8368;204.57564488824
8370;261.607702309789
8372;438.231575103603
8379;276.84096758795
8384;390.038230478572
8401;38.8497680982312
8409;289.433641349538
8410;23.3023687643617
8418;61.2947590366253
8424;196.526435453392
8429;57.3568581426131
8431;204.385535825549
8434;8.62898868303524
8438;348.84040550788
8440;257.801980747077
8446;87.3817698778419
8447;25.0986516728865
8448;42.3490402568597
8449;367.871382675652
8457;65.8465360510757
8463;64.1849676429196
8464;14.3352966409449
8465;370.679153695439
8469;122.249242524255
8470;108.522347680583
8473;243.548022444735
8478;89.715398986607
8480;72.7392981152621
8481;274.311793824425
8485;109.869771801833
8486;123.432127303223
8487;253.284633793835
8489;148.767886193977
8491;44.5011074143556
8494;17.2258643908641
8498;178.000663098742
8499;16.0144921850062
8501;349.424390937337
8509;128.301865303912
8510;353.423324838746
8511;93.183421903146
8517;119.888107604564
8524;197.021782679394
8527;245.008075167975
8530;273.196600178874
8535;257.706518123185
8537;101.107356984757
8540;91.0655903195861
8541;88.4388041080303
8543;15.0190367872828
8547;19.9888947199797
8549;324.42275476868
8557;135.542668051194
8559;281.078317510061
8564;13.1234450856587
8566;520.237853615539
8568;244.937737021598
8577;287.008620367103
8578;473.196755106176
8581;98.8542609771685
8583;0.29042000937081
8586;55.6415006861602
8593;42.0152339438804
8594;77.0087697811385
8595;73.8821511264073
8600;29.7862892384196
8606;53.7600409669693
8607;70.3087188184647
8611;77.9214240670503
8620;41.5620499589407
8621;76.7879883083699
8622;63.8073871675804
8623;123.211817878231
8624;290.545310132207
8629;69.9240402658513
8631;27.0848763953159
8633;268.780367520998
8643;368.796597725679
8646;226.139147267433
8647;141.823510728574
8649;133.744565139285
8652;63.8484577629914
8661;191.155819286941
8662;78.0046706511578
8668;140.952344497319
8669;80.5045176459935
8674;119.788426738695
8676;444.002625579381
8683;415.247961858588
8684;26.0104292353544
8685;18.3387531776275
8691;88.5550597908532
8696;24.7914248831248
8700;227.071739783903
8703;441.091144879806
8705;29.8213975878743
8706;85.6419327550802
8713;178.668610737201
8717;51.9739127430116
8718;214.276371324513
8719;39.7668651417215
8722;308.428968520798
8725;8.32877912819313
8729;80.1855387157333
8731;29.310160072989
8736;181.140565100324
8738;134.667364540379
8739;87.2874032111034
8744;442.171811745547
8753;402.54806646435
8763;76.960503403934
8765;53.4040260169238
8768;19.3567466160772
8772;251.229409953334
8773;434.065533375392
8775;25.6786035161648
8780;98.9868490997261
8781;153.021814681048
8784;347.823662973958
8786;128.741488838274
8787;175.990024356452
8789;345.718531339846
8790;101.956847966589
8793;369.87076679725
8798;306.037314747342
8799;80.8208039900517
8801;414.528578912682
8802;334.897428813476
8805;49.4422540220423
8811;123.330736712543
8816;209.851421007125
8823;75.1455969502983
8829;76.6289268780304
8832;212.894899033235
8833;62.4559871997642
8834;232.421029204296
8835;100.120223738486
8837;119.880526047137
8839;234.549561353135
8843;519.841656087348
8848;42.8988712017353
8849;99.0511736524338
8850;324.39715175457
8854;84.8228094266948
8856;190.230662715293
8857;53.1985076320417
8863;41.9814446518717
8868;77.060943792572
8869;256.630453395161
8872;131.391008973847
8882;197.453307304081
8884;127.275911665356
8886;301.86854598621
8887;16.1820037824631
8891;263.254142620886
8893;365.714783136756
8897;347.727116916723
8898;91.5648216371804
8900;7.14722364477926
8901;312.201199328908
8902;382.907347914775
8903;65.8164604861269
8905;53.8880670277071
8907;46.4993847005985
8911;70.187574774776
8915;40.3197587250984
8918;201.612166884153
8922;193.569649552116
8924;54.7422478969508
8929;55.1415285892547
8931;160.299835017013
8933;40.048152732783
8935;60.5611011479592
8939;83.5503841980554
8940;205.93597362617
8954;24.3700861995206
8956;57.7921960470911
8959;12.9847545842258
8976;43.4012511948847
8977;29.5943061372592
8980;304.833176396107
8981;20.7171108204249
8984;246.87529748172
8985;39.5194736783696
8986;449.505826557453
8997;84.3334679442846
9003;334.650729024956
9005;55.3207571895374
9007;156.390086062117
9008;335.262498400819
9010;32.6638255696271
9012;162.074077886707
9013;437.585943028116
9015;307.921278508747
9016;313.319662434471
9023;299.196661374835
9024;137.823027815578
9025;83.2747535937429
9029;62.3019187546563
9030;254.259719774478
9032;69.6444430818875
9036;61.613944621704
9041;149.321271160556
9042;3.0854370099496
9045;35.7576376967134
9047;26.4298694764843
9050;11.4845663989164
9051;169.959328133141
9056;285.692799297308
9059;81.1699087411165
9060;92.7740830139482
9061;330.799745551074
9063;48.1449147431162
9068;70.3714567628993
9070;356.419600768221
9073;42.2005760461835
9074;399.584564676291
9081;12.4443087199423
9083;245.503949711583
9088;15.1411377515132
9090;217.60568232379
9092;123.132358496892
9097;73.597707356264
9104;109.065878782656
9105;7.65101576963403
9107;46.1703057264831
9109;267.506573036724
9116;26.6482882511086
9117;52.2397186009019
9118;181.042334456104
9120;25.4120933922048
9121;598.286264260161
9126;216.961081536988
9134;43.7101727017036
9135;57.6714743232108
9138;45.6962685876914
9143;166.092258298506
9145;286.07681480391
9150;285.339141970798
9153;127.992788197416
9154;83.8051597214561
9157;220.089195688582
9158;36.7479543417181
9170;96.8492342023056
9171;84.4036642992791
9173;207.67670306035
9175;417.570166466166
9180;190.128977485789
9181;333.939221991059
9185;232.03422809386
9187;117.855177653616
9189;38.9431197869209
9192;392.438527979164
9194;23.8931626353886
9195;78.3839955887115
9199;50.7553415574915
9200;272.617583126303
9206;16.5342861000101
9210;184.45356166766
9214;115.553894453645
9221;163.282951623535
9223;372.152103688929
9228;218.489464829674
9233;125.678161844117
9234;50.3193820664557
9236;259.151447045362
9240;280.163304744692
9245;167.835443140474
9255;8.50239716790564
9257;237.82357643092
9258;353.997901579801
9265;496.245933157057
9277;35.5319997771866
9278;324.468558765896
9290;321.282796790715
9293;386.664618885207
9308;63.6744588229549
9309;189.055777519059
9311;15.0190367872828
9315;363.980794538665
9319;0.0475475148416511
9324;52.3466518917522
9326;204.95822501408
9328;37.4178353121504
9331;200.867621795443
9332;83.9193470366649
9333;99.3672925901894
9335;325.078586140694
9336;17.7681206256187
9337;390.047422649799
9345;301.628927287831
9351;269.369771698007
9354;352.791834597616
9357;69.1067587277199
9358;322.745774737561
9361;93.8336982804529
9364;78.6553223229969
9365;20.7060307337157
9368;380.829995496762
9369;166.781939863841
9372;83.6901257514085
9374;545.82460182828
9378;69.8956430593671
9388;384.82088604718
9390;373.522481722778
9391;21.6960776245337
9397;42.425009823835
9398;204.926213555231
9401;64.1033135317412
9402;405.975764922988
9408;76.1980380701751
9412;36.3631431707322
9416;58.4589386097472
9423;300.922058914226
9424;77.7763404766128
9428;257.180837894196
9433;107.960897231023
9434;19.7273800712214
9436;268.641975961204
9437;164.84279213904
9439;202.675920539625
9442;53.6786143939259
9444;51.7915196919794
9445;586.468550308386
9449;175.013695636899
9451;103.196018227763
9452;18.2932576081396
9460;251.547699773797
9463;579.531251483431
9464;151.398175362076
9466;53.9499031595843
9469;224.320128131066
9476;33.094308530508
9477;5.7756381113086
9492;160.019080275751
9502;266.080607744657
9503;292.307021097444
9506;153.93071566246
9510;60.3579657623914
9512;188.156644192474
9515;53.5735567716427
9518;136.065581162558
9519;50.7775806132116
9523;241.836742170515
9526;179.465480782015
9530;461.942575367219
9531;103.980397996988
9533;5.53080892033165
9541;556.998602672886
9546;138.328135538141
9547;95.8972843973475
9549;73.1817632720063
9551;235.766877910264
9554;438.669342951021
9555;36.6833994148291
9556;131.892174900968
9557;362.90628579731
9559;58.0322944700539
9565;257.274945366381
9567;338.333107980082
9569;113.886764881211
9575;421.413955045386
9577;219.158454111845
9578;56.5805673791893
9579;175.183871478428
9583;343.356761263975
9584;381.093524160733
9585;38.750415673992
9589;155.364242650183
9602;566.106916037745
9603;27.0192659119011
9604;326.193176088594
9610;16.4153264959683
9612;16.210471184685
9613;14.5783171966975
9614;164.535946322005
9626;520.822216213698
9627;270.62931506344
9631;48.2347897491022
9633;228.678004838329
9637;216.703445894519
9638;49.4021559984918
9643;0.489117819524979
9645;44.4015585184852
9647;49.9529792684603
9654;216.031077373518
9655;93.5687983537461
9659;269.870900054703
9660;115.951808325688
9661;133.304874850146
9664;94.8519407772546
9665;103.38918221775
9670;6.85991529869526
9676;62.53702497492
9681;238.571798353324
9682;184.14783758231
9684;347.690786638067
9685;206.059294829132
9687;179.680733780635
9691;22.7644000615257
9698;86.2126722809771
9700;5.77115910365814
9705;54.2289765527139
9708;315.838378746149
9709;255.623470445535
9712;254.195165956872
9716;46.2884283534044
9718;334.368807891857
9721;313.216834727357
9722;398.441947578624
9728;74.5832047521496
9732;268.808364159981
9735;57.8492489697517
9736;316.809308233903
9738;291.692340487281
9739;45.9156342931709
9741;107.469200701894
9743;107.037228120005
9752;58.9823957626805
9755;245.141001495917
9757;84.2052117333486
9758;48.2066682261894
9759;56.9068273364559
9764;590.278477350575
9765;266.520509146723
9768;42.3040210982486
9773;18.6085664296987
9777;513.558012216616
9778;340.122409597194
9779;0.489117819524979
9782;7.75344432861408
9787;291.02237371138
9789;45.6962685876914
9793;275.815345156727
9795;281.513792428367
9797;261.361133265397
9798;291.729359545375
9799;67.3881522761824
9800;181.421337722615
9808;80.4552659829743
9820;36.236226192885
9838;47.5009794534711
9840;31.360222483967
9841;293.632635060648
9843;192.810036844308
9844;90.9869687080702
9849;61.2583225994256
9850;365.282386573795
9855;84.5935845136968
9856;348.090450454155
9858;270.882740659328
9859;75.6857775532682
9863;53.1845043119762
9871;61.6374831900416
9877;412.656447351131
9878;312.745449934868
9884;362.38382990152
9886;34.9875247261611
9891;109.258295072297
9892;439.295329756559
9894;241.765293224599
9895;158.604648306681
9907;105.320429064739
9909;401.717634904042
9912;298.083338804283
9914;59.8389961036139
9916;254.644321649024
9924;282.707527816683
9925;254.558396725403
9926;63.8611050680205
9928;341.584685589741
9930;105.661267087175
9933;59.1812395352577
9935;270.053423427922
9939;335.55147238162
9940;77.1608845954044
9947;25.0267262935783
9957;52.8876846215347
9965;148.449354472658
9968;30.6181278498667
9970;434.447300465805
9975;3.62365004788961
9976;75.4212993148693
9986;131.45923699997
9987;307.526588577522
9995;76.3113089972198
9999;137.733415950775
10006;207.757578039047
10009;457.046868160844
10017;47.8228524267242
10020;215.410482788371
10023;265.814434265522
10025;409.1479967307
10030;224.853169901496
10032;335.628699699419
10034;5.25329266584778
10035;402.582164946058
10038;81.6473065242058
10048;86.1819171406603
10049;82.1866553935838
10051;222.905632985095
10059;166.428579267835
10061;32.0289018183854
10063;112.289531318999
10076;180.628502701082
10078;622.89181894
10083;336.168845734837
10084;47.9853129380267
10090;354.771549503784
10092;86.6567851007195
10093;152.698065515238
10096;263.718974155482
10098;364.389621724447
10108;41.6227560208906
10109;232.03422809386
10110;93.9257779210447
10111;67.7287280859612
10112;71.2955881974635
10114;121.99872981371
10115;276.333888762526
10120;34.1374228608295
10124;342.220370128413
10129;102.87039455215
10130;56.5655331572165
10135;88.0051313893399
10138;35.915649577089
10141;96.6092216518353
10143;99.5294404546074
10145;42.3798373465852
10155;13.5287015855289
10163;256.748793521638
10166;89.7119793813594
10183;61.0603145167526
10185;238.447991653686
10188;82.0897290245834
10189;187.324465018266
10191;486.241468312269
10195;23.9959394114984
10199;37.8360238441835
10201;0.0560760822637183
10205;46.1574547916681
10207;289.20254857299
10211;264.306226286662
10217;36.4605758874415
10218;40.301946222796
10219;59.5388047161383
10221;49.4422540220423
10225;90.4230202126791
10231;317.412657043821
10233;29.8019657214179
10235;27.2010617855732
10241;19.4010430227664
10243;77.0791004270023
10250;378.452213556564
10251;269.424515133605
10253;89.990604076492
10256;376.185572890658
10257;19.5194837631971
10259;302.299868678356
10264;8.7421466299614
10266;8.53558496073407
10270;180.408213784696
10280;377.751616908001
10281;340.326062701178
10283;327.546453076381
10287;195.212648616569
10288;369.886520054226
10291;281.366246100421
10297;355.168697482376
10305;19.8129177882728
10309;350.232681339597
10310;34.237694444457
10312;291.505845374924
10313;219.922088722545
10316;67.9327330029618
10317;265.197782956277
10325;212.587455170086
10332;146.503674121263
10335;221.640971954244
10339;245.41452756768
10340;220.086993655314
10341;428.130930693386
10344;261.800606315589
10345;225.394321187348
10346;37.9490341306432
10349;303.530924014386
10359;261.94643852994
10363;92.6775366926744
10374;289.54635266165
10375;145.463210841796
10378;222.838838967581
10380;171.222069590786
10387;115.183906792839
10389;253.084864598941
10399;24.8837408150085
10400;211.235044294527
10402;123.630035517125
10403;86.7078669510286
10405;91.7457482424154
10414;59.7559161146872
10418;260.738905394505
10422;258.915583167467
10424;387.267402725412
10429;235.953809628383
10436;348.408193671946
10437;227.522016613607
10438;37.1953057392864
10439;54.5278293931565
10444;428.863195249183
10446;152.246547047676
10447;340.086707394435
10448;236.781728424316
10449;342.024080433503
10452;10.3271595814945
10453;200.659360809697
10454;45.3247023765907
10456;8.29438870326343
10458;472.863736821175
10463;53.7884330887636
10464;260.55638842903
10467;244.86357320037
10468;252.812506587489
10481;369.821556065871
10485;107.527550153565
10489;10.4455655506267
10494;143.896823677534
10500;256.332008191177
10502;39.0526893981816
10505;206.494014369509
10509;70.7115100218925
10513;358.91940392161
10515;51.0185644630316
10518;175.855191313994
10524;48.520149365097
10526;26.5341810140803
10531;42.0474068501701
10532;218.047077758397
10536;382.023304576264
10542;143.712417638659
10547;12.8186954157372
10549;25.3618418976258
10563;9.43173440383145
10566;15.0190367872828
10567;325.211721491483
10569;306.474280352218
10572;14.3385432933751
10574;249.255400632886
10580;97.9524645261464
10582;69.7691592628471
10583;201.644869006142
10588;335.11551535378
10590;47.0257265298695
10592;445.681452007207
10600;340.250247849998
10609;259.620062229655
10612;144.898066043055
10619;442.86207464512
10623;83.4704538909452
10625;374.305102350344
10629;73.0983320770532
10630;78.7805801971885
10637;191.509016715807
10638;37.6122433302412
10641;11.019442486347
10642;165.008861736532
10644;356.514048982034
10646;376.003951191248
10648;109.680734047383
10652;86.0942547312648
10659;124.441032729482
10666;33.5098217090427
10669;223.044555968335
10670;28.4235084135564
10673;201.381528225842
10675;161.799157511048
10683;56.0803197941401
10684;193.664182255745
10687;257.062413541862
10690;22.2604046634286
10691;364.264667633416
10692;100.40166524132
10697;270.616935021788
10700;63.2889251853424
10703;270.590345214743
10705;347.541309528293
10709;128.880133269103
10710;89.2229422369167
10714;34.4688330284752
10715;373.625240462916
10721;149.474068445682
10722;102.258133859611
10726;80.3153525462905
10727;48.4214342011622
10728;194.721255313501
10733;516.113160416699
10734;38.340055091299
10738;246.337033293665
10746;106.664321470479
10748;324.42275476868
10750;5.4050400648646
10752;63.1100114655349
10754;22.4337380326305
10770;159.869928664752
10771;193.020802241092
10776;344.977365395929
10781;86.0621275513304
10783;479.957254798001
10784;74.5001844025703
10785;2.45922649203927
10791;321.741504661279
10793;216.921260743777
10796;57.6532474901781
10800;73.5013072695452
10802;291.225172347014
10805;108.479654484755
10811;256.713723990488
10815;131.037311811459
10821;341.447849582928
10823;79.823388643998
10827;288.52789584088
10829;281.237259882614
10833;50.4400501484117
10838;44.7108076248899
10850;181.492148594661
10854;251.364521203195
10858;51.0084402951691
10867;303.286197635208
10868;204.072354741035
10871;85.5029253990702
10872;398.659181929411
10873;75.1109371247524
10874;80.9120350708589
